12
     0     0    96     0     0     0     0     0     0   114     0     0
     0     0     0     0     0     0     0     0     0     0     0   110
    96     0     0     0     0    90   117     0     0     0     0     0
     0     0     0     0   117     0   109     0   108    95    90     0
     0     0     0   117     0     0     0     0   119     0     0    91
     0     0    90     0     0     0     0     0    82     0    83     0
     0     0   117   109     0     0     0     0     0     0     0     0
     0     0     0     0     0     0     0     0     0     0    97     0
     0     0     0   108   119    82     0     0     0     0    86     0
   114     0     0    95     0     0     0     0     0     0    81     0
     0     0     0    90     0    83     0    97    86    81     0    87
     0   110     0     0    91     0     0     0     0     0    87     0
