12
     0     0   107     0     0     0     0   107     0    95     0     0
     0     0     0     0     0     0     0     0     0     0   118   101
   107     0     0     0     0   116    90     0     0     0     0     0
     0     0     0     0   101     0   104     0   115   109   110     0
     0     0     0   101     0    92     0     0   104     0   101   102
     0     0   116     0    92     0     0   102   100     0    92     0
     0     0    90   104     0     0     0     0     0     0     0     0
   107     0     0     0     0   102     0     0     0     0    89     0
     0     0     0   115   104   100     0     0     0   115   104     0
    95     0     0   109     0     0     0     0   115     0    90     0
     0   118     0   110   101    92     0    89   104    90     0    85
     0   101     0     0   102     0     0     0     0     0    85     0
