12
     0     0    90     0     0     0    85   107     0    93     0     0
     0     0   104     0     0     0   115     0     0     0    96   113
    90   104     0     0     0   106    84     0     0     0     0     0
     0     0     0     0    99     0    82     0    84    81   118     0
     0     0     0    99     0    94     0     0   103     0   101    90
     0     0   106     0    94     0     0    93    92     0   102     0
    85   115    84    82     0     0     0     0     0     0     0   117
   107     0     0     0     0    93     0     0   114     0    83     0
     0     0     0    84   103    92     0   114     0   100    93    97
    93     0     0    81     0     0     0     0   100     0   112     0
     0    96     0   118   101   102     0    83    93   112     0    89
     0   113     0     0    90     0   117     0    97     0    89     0
