12
     0     0     0    87    87    95     0    89     0     0   113   101
     0     0     0    82   104    94     0    97     0    92     0     0
     0     0     0    97    86     0   103     0    84     0    85     0
    87    82    97     0   110     0     0   101    80   107     0    85
    87   104    86   110     0     0   120     0    88     0   117   116
    95    94     0     0     0     0     0    96     0    95     0    83
     0     0   103     0   120     0     0    97     0     0     0     0
    89    97     0   101     0    96    97     0   114    92     0   106
     0     0    84    80    88     0     0   114     0     0    81   109
     0    92     0   107     0    95     0    92     0     0   116   116
   113     0    85     0   117     0     0     0    81   116     0     0
   101     0     0    85   116    83     0   106   109   116     0     0
