13
     0     0     0    80     0     0   116     0     0     0     0     0     0
     0     0   111    93     0    88     0     0     0     0     0     0     0
     0   111     0    92     0    91     0    83     0     0     0     0     0
    80    93    92     0     0     0    98   112    98   115   103   107     0
     0     0     0     0     0     0     0     0   118   106     0     0     0
     0    88    91     0     0     0     0     0    84     0     0     0   107
   116     0     0    98     0     0     0     0     0     0     0     0     0
     0     0    83   112     0     0     0     0    83     0     0     0     0
     0     0     0    98   118    84     0    83     0     0     0     0     0
     0     0     0   115   106     0     0     0     0     0     0     0     0
     0     0     0   103     0     0     0     0     0     0     0     0     0
     0     0     0   107     0     0     0     0     0     0     0     0     0
     0     0     0     0     0   107     0     0     0     0     0     0     0
