13
     0     0     0     0    86    81     0     0     0    87     0   109     0
     0     0     0     0     0   107     0     0     0     0     0   107     0
     0     0     0    95   118     0   101   116    90     0     0   101     0
     0     0    95     0     0   104     0     0   115     0     0   109     0
    86     0   118     0     0     0   110    92   104     0     0   101   102
    81   107     0   104     0     0     0     0     0     0   102     0   100
     0     0   101     0   110     0     0     0     0     0     0     0     0
     0     0   116     0    92     0     0     0     0     0    92    89     0
     0     0    90   115   104     0     0     0     0     0     0     0   115
    87     0     0     0     0     0     0     0     0     0     0     0     0
     0     0     0     0     0   102     0    92     0     0     0     0     0
   109   107   101   109   101     0     0    89     0     0     0     0   104
     0     0     0     0   102   100     0     0   115     0     0   104     0
