14
     0     0     0     0    90     0     0     0   117     0   117   109     0     0
     0     0     0     0     0     0     0     0     0   108     0     0     0     0
     0     0     0    95     0     0     0     0     0     0     0     0     0     0
     0     0    95     0     0     0     0     0    90   119    91     0    82     0
    90     0     0     0     0     0     0    83     0     0    97     0     0     0
     0     0     0     0     0     0    86    81     0     0     0     0    87     0
     0     0     0     0     0    86     0   109     0     0     0     0     0   107
     0     0     0     0    83    81   109     0     0     0     0   107     0     0
   117     0     0    90     0     0     0     0     0     0     0     0     0    95
     0   108     0   119     0     0     0     0     0     0   118     0     0     0
   117     0     0    91    97     0     0     0     0   118     0     0     0     0
   109     0     0     0     0     0     0   107     0     0     0     0     0     0
     0     0     0    82     0    87     0     0     0     0     0     0     0   101
     0     0     0     0     0     0   107     0    95     0     0     0   101     0
