14
     0     0     0     0    90   101     0   104   115     0   109   110     0     0
     0     0     0     0     0     0    92     0     0   104     0     0     0     0
     0     0     0   101     0   102     0     0     0     0     0     0     0     0
     0     0   101     0     0     0     0     0   102   100    92     0    89     0
    90     0     0     0     0     0   115   104     0     0    90     0     0     0
   101     0   102     0     0     0    85   107     0     0    93   104   115     0
     0    92     0     0   115    85     0    96     0     0     0     0     0   113
   104     0     0     0   104   107    96     0     0     0     0   106     0     0
   115     0     0   102     0     0     0     0     0     0     0     0     0    84
     0   104     0   100     0     0     0     0     0     0    99     0     0     0
   109     0     0    92    90    93     0     0     0    99     0     0     0     0
   110     0     0     0     0   104     0   106     0     0     0     0     0     0
     0     0     0    89     0   115     0     0     0     0     0     0     0    82
     0     0     0     0     0     0   113     0    84     0     0     0    82     0
