14
     0    85     0   107    93   104     0   115    96     0   113   106     0     0
    85     0     0     0     0     0    84     0     0    99     0     0     0     0
     0     0     0    82     0    84     0     0    81     0     0   118     0     0
   107     0    82     0     0     0     0     0    94   103   101     0    90     0
    93     0     0     0     0     0    93    92     0     0   102     0     0     0
   104     0    84     0     0     0   117   114    83     0   100    93    97   112
     0    84     0     0    93   117     0    89     0     0     0     0    81    81
   115     0     0     0    92   114    89     0     0     0     0    96     0     0
    96     0    81    94     0    83     0     0     0     0     0     0     0   110
     0    99     0   103     0     0     0     0     0     0    96     0     0     0
   113     0     0   101   102   100     0     0     0    96     0     0     0     0
   106     0   118     0     0    93     0    96     0     0     0     0     0     0
     0     0     0    90     0    97    81     0     0     0     0     0     0    81
     0     0     0     0     0   112    81     0   110     0     0     0    81     0
