14
     0    92     0   102   117   114     0    83   100     0    93    97     0     0
    92     0   112     0     0     0    89     0     0    81     0     0     0     0
     0   112     0    81     0    96     0     0   110     0    96    81     0     0
   102     0    81     0     0     0     0     0   106   114   114     0    91     0
   117     0     0     0     0     0    80    95     0     0    93     0     0    84
   114     0    96     0     0     0    96    93   100    80   116   111    93    88
     0    89     0     0    80    96     0    92    91     0     0     0    83    98
    83     0     0     0    95    93    92     0     0     0     0   112     0     0
   100     0   110   106     0   100    91     0     0    98     0     0     0   115
     0    81     0   114     0    80     0     0    98     0   103     0   107     0
    93     0    96   114    93   116     0     0     0   103     0     0     0     0
    97     0    81     0     0   111     0   112     0     0     0     0     0     0
     0     0     0    91     0    93    83     0     0   107     0     0     0   118
     0     0     0     0    84    88    98     0   115     0     0     0   118     0
