15
     0     0     0     0     0     0     0   116     0     0     0     0     0     0     0
     0     0     0     0     0   110     0     0    85     0     0    98     0     0    86
     0     0     0    90   101     0     0    93     0     0     0     0     0     0     0
     0     0    90     0     0    86     0    93     0     0     0     0     0     0     0
     0     0   101     0     0     0     0     0     0     0   107     0     0     0     0
     0   110     0    86     0     0     0     0     0    80     0    97     0    87     0
     0     0     0     0     0     0     0     0    92     0     0     0     0     0     0
   116     0    93    93     0     0     0     0     0     0     0     0     0    85     0
     0    85     0     0     0     0    92     0     0     0     0    98     0   101     0
     0     0     0     0     0    80     0     0     0     0     0     0   119    88    89
     0     0     0     0   107     0     0     0     0     0     0     0     0     0     0
     0    98     0     0     0    97     0     0    98     0     0     0     0     0     0
     0     0     0     0     0     0     0     0     0   119     0     0     0     0    96
     0     0     0     0     0    87     0    85   101    88     0     0     0     0     0
     0    86     0     0     0     0     0     0     0    89     0     0    96     0     0
