15
     0     0     0     0    90     0     0     0     0   102     0     0     0     0    96
     0     0     0     0     0     0     0     0   101     0   111     0   103     0     0
     0     0     0     0     0     0     0     0   100     0   104     0    89   109   106
     0     0     0     0     0    89     0     0     0     0     0   120     0    98    93
    90     0     0     0     0     0     0     0     0   107   105   111     0     0   116
     0     0     0    89     0     0   105    93     0     0    86     0     0   101   111
     0     0     0     0     0   105     0     0     0     0     0     0     0   109     0
     0     0     0     0     0    93     0     0     0     0     0     0     0     0     0
     0   101   100     0     0     0     0     0     0     0     0     0     0   109     0
   102     0     0     0   107     0     0     0     0     0    85     0     0   117     0
     0   111   104     0   105    86     0     0     0    85     0     0     0     0    90
     0     0     0   120   111     0     0     0     0     0     0     0     0    85     0
     0   103    89     0     0     0     0     0     0     0     0     0     0     0     0
     0     0   109    98     0   101   109     0   109   117     0    85     0     0     0
    96     0   106    93   116   111     0     0     0     0    90     0     0     0     0
