15
     0     0     0     0   116     0     0     0     0   105     0     0     0    93    86
     0     0     0     0     0     0     0     0   101     0   111     0   109     0     0
     0     0     0     0     0     0     0     0   109     0    85     0   117    90    85
     0     0     0     0     0   100     0     0     0   103     0   110   116    85   100
   116     0     0     0     0     0     0    98     0   105    84   109     0     0    93
     0     0     0   100     0     0   112   118     0    93    91     0     0    90    81
     0     0     0     0     0   112     0     0     0     0     0     0     0   117     0
     0     0     0     0    98   118     0     0     0     0     0     0     0     0     0
     0   101   109     0     0     0     0     0     0     0     0    82     0   117     0
   105     0     0   103   105    93     0     0     0     0   101     0     0    95    85
     0   111    85     0    84    91     0     0     0   101     0     0     0     0    81
     0     0     0   110   109     0     0     0    82     0     0     0     0    87     0
     0   109   117   116     0     0     0     0     0     0     0     0     0     0     0
    93     0    90    85     0    90   117     0   117    95     0    87     0     0     0
    86     0    85   100    93    81     0     0     0    85    81     0     0     0     0
