15
     0     0     0     0    82     0     0     0     0   117     0     0     0   101    95
     0     0     0     0     0     0     0     0    85     0    81     0    87     0   114
     0     0     0   112     0     0     0     0    92   113    84     0    99    92   107
     0     0   112     0     0    90     0     0     0    89     0   114   111   107    98
    82     0     0     0     0     0     0   117    97   114   108    94     0     0    86
     0     0     0    90     0     0   120   106     0    87   116     0     0   110    85
     0     0     0     0     0   120     0     0    98     0     0     0     0    86     0
     0     0     0     0   117   106     0     0     0     0     0     0     0     0     0
     0    85    92     0    97     0    98     0     0    90     0   101     0    93     0
   117     0   113    89   114    87     0     0    90     0    86     0     0    93   107
     0    81    84     0   108   116     0     0     0    86     0     0     0     0    80
     0     0     0   114    94     0     0     0   101     0     0     0     0    97     0
     0    87    99   111     0     0     0     0     0     0     0     0     0    87    92
   101     0    92   107     0   110    86     0    93    93     0    97    87     0     0
    95   114   107    98    86    85     0     0     0   107    80     0    92     0     0
