15
     0   111   109     0   113   109     0    91   107   116     0     0   119    87    99
   111     0     0     0     0     0     0   108    84     0     0   108    91     0     0
   109     0     0   104   118   116     0   110    98    80     0     0   112   108    91
     0     0   104     0     0     0     0    91     0     0     0     0     0     0    81
   113     0   118     0     0     0   106   116     0    96   116   119     0   110     0
   109     0   116     0     0     0     0     0     0   108     0   110     0     0   103
     0     0     0     0   106     0     0     0     0     0    98    80     0    91    93
    91   108   110    91   116     0     0     0    80    99     0   114     0     0   108
   107    84    98     0     0     0     0    80     0   103   102     0     0    81    88
   116     0    80     0    96   108     0    99   103     0     0     0     0     0    99
     0     0     0     0   116     0    98     0   102     0     0   117     0   119     0
     0   108     0     0   119   110    80   114     0     0   117     0     0   117     0
   119    91   112     0     0     0     0     0     0     0     0     0     0   118   110
    87     0   108     0   110     0    91     0    81     0   119   117   118     0     0
    99     0    91    81     0   103    93   108    88    99     0     0   110     0     0
