16
     0     0     0     0     0     0     0     0     0     0     0     0     0   111    81     0
     0     0     0    91     0     0   112     0     0     0     0     0     0   113     0     0
     0     0     0     0     0     0     0     0     0     0     0   104     0     0     0     0
     0    91     0     0     0     0     0     0     0     0     0     0     0    93     0     0
     0     0     0     0     0   104     0   111     0     0     0   102   120     0   110     0
     0     0     0     0   104     0     0     0     0     0     0     0     0   108   110     0
     0   112     0     0     0     0     0    95    81    86     0    96     0    99     0     0
     0     0     0     0   111     0    95     0     0     0     0     0   113    80     0     0
     0     0     0     0     0     0    81     0     0     0    86     0     0     0     0   103
     0     0     0     0     0     0    86     0     0     0     0     0     0     0     0     0
     0     0     0     0     0     0     0     0    86     0     0     0     0     0     0     0
     0     0   104     0   102     0    96     0     0     0     0     0     0     0     0     0
     0     0     0     0   120     0     0   113     0     0     0     0     0     0     0   104
   111   113     0    93     0   108    99    80     0     0     0     0     0     0     0     0
    81     0     0     0   110   110     0     0     0     0     0     0     0     0     0     0
     0     0     0     0     0     0     0     0   103     0     0     0   104     0     0     0
