16
     0     0     0     0     0     0   111     0     0     0     0     0     0    94    91     0
     0     0   113   107     0     0    82     0     0     0     0     0     0   107     0     0
     0   113     0     0     0     0     0     0     0     0     0    91     0     0     0     0
     0   107     0     0     0     0     0     0     0     0     0     0     0    95     0     0
     0     0     0     0     0    91     0    81     0     0   119    92   114     0   108     0
     0     0     0     0    91     0     0     0     0     0     0     0     0    81    88     0
   111    82     0     0     0     0     0   110    89   107     0    90     0    83   109    96
     0     0     0     0    81     0   110     0     0     0     0   106    94   120     0    83
     0     0     0     0     0     0    89     0     0     0    92     0     0     0     0    85
     0     0     0     0     0     0   107     0     0     0     0     0     0     0     0     0
     0     0     0     0   119     0     0     0    92     0     0     0     0     0     0     0
     0     0    91     0    92     0    90   106     0     0     0     0     0   104     0     0
     0     0     0     0   114     0     0    94     0     0     0     0     0     0     0    85
    94   107     0    95     0    81    83   120     0     0     0   104     0     0     0     0
    91     0     0     0   108    88   109     0     0     0     0     0     0     0     0     0
     0     0     0     0     0     0    96    83    85     0     0     0    85     0     0     0
