16
     0     0     0   110     0     0    89     0     0     0     0     0     0   107    90     0
     0     0    83   109     0     0    96     0     0     0     0     0     0   106     0     0
     0    83     0    94     0     0     0     0     0     0     0   120     0    83     0     0
   110   109    94     0     0     0     0     0     0     0     0     0     0    92     0     0
     0     0     0     0     0    85   104    85     0     0   102   115   118     0    88     0
     0     0     0     0    85     0     0     0     0     0     0     0     0   119   106     0
    89    96     0     0   104     0     0   101    95   119   103    94     0    90    96    83
     0     0     0     0    85     0   101     0     0     0     0    91   106   113     0   102
     0     0     0     0     0     0    95     0     0     0    94     0     0     0     0    84
     0     0     0     0     0     0   119     0     0     0     0     0   105     0     0     0
     0     0     0     0   102     0   103     0    94     0     0     0     0     0     0     0
     0     0   120     0   115     0    94    91     0     0     0     0     0    83     0   103
     0     0     0     0   118     0     0   106     0   105     0     0     0     0    91    99
   107   106    83    92     0   119    90   113     0     0     0    83     0     0     0     0
    90     0     0     0    88   106    96     0     0     0     0     0    91     0     0     0
     0     0     0     0     0     0    83   102    84     0     0   103    99     0     0     0
