17
     0     0   115     0     0   118    88   119   106     0   101     0    95     0     0     0     0
     0     0     0     0     0     0     0     0     0     0     0     0   119     0     0     0     0
   115     0     0     0     0     0     0   103     0     0     0     0    94     0     0     0    90
     0     0     0     0     0     0    96     0     0    83     0     0     0     0     0     0     0
     0     0     0     0     0     0     0     0     0     0     0    91     0   106     0     0     0
   118     0     0     0     0     0     0     0     0     0     0     0     0     0     0     0     0
    88     0     0    96     0     0     0     0     0     0     0   113     0     0     0     0     0
   119     0   103     0     0     0     0     0     0     0     0     0   102     0     0     0     0
   106     0     0     0     0     0     0     0     0     0     0     0     0     0     0     0    94
     0     0     0    83     0     0     0     0     0     0     0    84     0     0   105     0     0
   101     0     0     0     0     0     0     0     0     0     0     0    83     0     0     0     0
     0     0     0     0    91     0   113     0     0    84     0     0   103     0     0     0    91
    95   119    94     0     0     0     0   102     0     0    83   103     0     0    99     0     0
     0     0     0     0   106     0     0     0     0     0     0     0     0     0     0     0     0
     0     0     0     0     0     0     0     0     0   105     0     0    99     0     0     0     0
     0     0     0     0     0     0     0     0     0     0     0     0     0     0     0     0   102
     0     0    90     0     0     0     0     0    94     0     0    91     0     0     0   102     0
