17
     0     0   114     0     0     0    84     0   112    87     0     0   112   105     0     0     0
     0     0     0     0     0     0     0   109     0     0     0     0     0    86     0     0     0
   114     0     0     0     0     0   109     0     0     0     0     0    94     0     0     0    91
     0     0     0     0     0    93     0     0     0   107     0     0     0     0     0     0     0
     0     0     0     0     0     0   110     0     0     0     0   116     0    82     0     0     0
     0     0     0    93     0     0     0   103   107    84     0     0     0     0     0     0     0
    84     0   109     0   110     0     0     0     0     0     0     0     0     0     0     0     0
     0   109     0     0     0   103     0     0     0     0     0     0     0     0     0   101     0
   112     0     0     0     0   107     0     0     0     0     0     0   120     0     0   120     0
    87     0     0   107     0    84     0     0     0     0    98   100   118     0    81   104     0
     0     0     0     0     0     0     0     0     0    98     0     0    90     0     0     0     0
     0     0     0     0   116     0     0     0     0   100     0     0   103    92     0     0   119
   112     0    94     0     0     0     0     0   120   118    90   103     0     0    96     0     0
   105    86     0     0    82     0     0     0     0     0     0    92     0     0    96     0     0
     0     0     0     0     0     0     0     0     0    81     0     0    96    96     0     0     0
     0     0     0     0     0     0     0   101   120   104     0     0     0     0     0     0   110
     0     0    91     0     0     0     0     0     0     0     0   119     0     0     0   110     0
