17
     0   106     0     0     0    94   120     0    83     0    92    85   104     0    85     0     0
   106     0     0     0     0     0     0   102     0     0   115   118     0     0     0     0     0
     0     0     0    88     0     0     0   119     0   106     0   101     0     0     0    95     0
     0     0    88     0     0     0     0     0     0   119     0   103     0     0     0    94     0
     0     0     0     0     0     0     0    90     0     0     0    96     0    83    91     0   106
    94     0     0     0     0     0     0     0     0   113   102     0     0     0     0     0     0
   120     0     0     0     0     0     0     0     0    94    84   105     0     0    83     0     0
     0   102   119     0    90     0     0     0     0     0     0     0     0     0     0     0   103
    83     0     0     0     0     0     0     0     0     0     0     0     0     0     0     0    91
     0     0   106   119     0   113    94     0     0     0     0    99   102     0     0     0     0
    92   115     0     0     0   102    84     0     0     0     0     0    96     0     0     0     0
    85   118   101   103    96     0   105     0     0    99     0     0   112     0     0     0   110
   104     0     0     0     0     0     0     0     0   102    96   112     0     0   120     0   117
     0     0     0     0    83     0     0     0     0     0     0     0     0     0     0     0     0
    85     0     0     0    91     0    83     0     0     0     0     0   120     0     0    91   116
     0     0    95    94     0     0     0     0     0     0     0     0     0     0    91     0   116
     0     0     0     0   106     0     0   103    91     0     0   110   117     0   116   116     0
