17
     0   102     0     0     0    94    84     0   105     0    83   103    91     0    99     0     0
   102     0     0     0     0     0     0   102     0     0    96   112   110     0     0     0     0
     0     0     0   120     0     0     0   117     0    91     0   116     0     0     0   116     0
     0     0   120     0     0     0     0     0     0   101     0   116     0     0     0   103     0
     0     0     0     0     0     0     0    82     0     0     0    93     0   102   107     0   109
    94     0     0     0     0     0     0     0     0   114    84     0     0     0     0   112     0
    84     0     0     0     0     0     0    87     0   112   105   109     0     0    86     0     0
     0   102   117     0    82     0    87     0   109     0     0    94    91     0     0     0    93
   105     0     0     0     0     0     0   109     0     0     0     0     0     0     0     0   107
     0     0    91   101     0   114   112     0     0     0   110   116    82     0   103     0     0
    83    96     0     0     0    84   105     0     0   110     0     0   107     0     0     0     0
   103   112   116   116    93     0   109    94     0   116     0     0    84     0     0     0   101
    91   110     0     0     0     0     0    91     0    82   107    84     0     0   120     0   120
     0     0     0     0   102     0     0     0     0     0     0     0     0     0     0    98     0
    99     0     0     0   107     0    86     0     0   103     0     0   120     0     0   100   118
     0     0   116   103     0   112     0     0     0     0     0     0     0    98   100     0    81
     0     0     0     0   109     0     0    93   107     0     0   101   120     0   118    81     0
