17
     0   114     0     0     0    84   112     0    87     0   112   105   109    86   109     0     0
   114     0     0     0     0     0     0    94     0     0    91    93   107   110     0     0     0
     0     0     0   116     0     0     0    82     0   103     0   107     0     0     0    84   101
     0     0   116     0     0   120     0     0     0   120     0    98     0     0     0   100     0
     0     0     0     0     0     0     0   118     0     0     0    81     0   104    90     0   103
    84     0     0   120     0     0     0     0    92   119    96     0     0     0     0    96     0
   112     0     0     0     0     0     0   110     0   103    88    96     0     0    94     0     0
     0    94    82     0   118     0   110     0    96     0     0    87   108     0     0     0   107
    87     0     0     0     0    92     0    96     0     0     0     0   100     0     0     0    94
     0     0   103   120     0   119   103     0     0     0    96    97    98     0    81    85     0
   112    91     0     0     0    96    88     0     0    96     0     0   102     0     0     0     0
   105    93   107    98    81     0    96    87     0    97     0     0   102    84     0     0   104
   109   107     0     0     0     0     0   108   100    98   102   102     0     0    80     0   107
    86   110     0     0   104     0     0     0     0     0     0    84     0     0     0   101     0
   109     0     0     0    90     0    94     0     0    81     0     0    80     0     0    83    92
     0     0    84   100     0    96     0     0     0    85     0     0     0   101    83     0   113
     0     0   101     0   103     0     0   107    94     0     0   104   107     0    92   113     0
