18
     0     0     0     0     0   105   120     0   115     0     0     0     0     0   104    96   120     0
     0     0     0     0   107     0     0     0     0     0     0     0     0     0     0     0     0    82
     0     0     0     0     0    90     0     0     0     0     0     0     0    98     0     0     0     0
     0     0     0     0     0     0     0     0     0   101    94     0     0     0     0     0     0     0
     0   107     0     0     0     0     0   112     0     0   102     0     0     0     0     0   110     0
   105     0    90     0     0     0     0     0     0     0     0     0    86    88     0     0     0     0
   120     0     0     0     0     0     0     0     0    92   102   100     0     0    89     0     0     0
     0     0     0     0   112     0     0     0     0     0     0     0     0     0     0     0     0     0
   115     0     0     0     0     0     0     0     0     0     0     0     0     0   101     0     0    93
     0     0     0   101     0     0    92     0     0     0     0     0     0     0     0     0     0     0
     0     0     0    94   102     0   102     0     0     0     0     0     0     0    91     0    99     0
     0     0     0     0     0     0   100     0     0     0     0     0     0     0     0     0     0   109
     0     0     0     0     0    86     0     0     0     0     0     0     0     0     0     0     0     0
     0     0    98     0     0    88     0     0     0     0     0     0     0     0     0     0     0     0
   104     0     0     0     0     0    89     0   101     0    91     0     0     0     0   117     0     0
    96     0     0     0     0     0     0     0     0     0     0     0     0     0   117     0     0     0
   120     0     0     0   110     0     0     0     0     0    99     0     0     0     0     0     0     0
     0    82     0     0     0     0     0     0    93     0     0   109     0     0     0     0     0     0
