18
     0     0     0     0     0    93    91     0    99     0     0     0     0     0   109   117   117     0
     0     0     0    83   117     0     0     0     0    96   109     0     0     0     0     0     0   118
     0     0     0     0    90    92     0     0     0     0     0     0     0    94     0     0     0     0
     0    83     0     0     0     0     0     0     0    92    80     0     0     0     0     0     0     0
     0   117    90     0     0     0     0    98     0     0   102     0     0     0     0     0   101     0
    93     0    92     0     0     0     0     0     0     0     0     0    80   116     0     0     0     0
    91     0     0     0     0     0     0     0    94   104   107   101     0     0   114     0     0     0
     0     0     0     0    98     0     0     0     0     0     0     0     0     0     0     0     0   119
    99     0     0     0     0     0    94     0     0     0     0     0     0     0    84     0     0    94
     0    96     0    92     0     0   104     0     0     0     0     0    90     0     0     0     0     0
     0   109     0    80   102     0   107     0     0     0     0     0     0     0   106     0   109     0
     0     0     0     0     0     0   101     0     0     0     0     0     0     0     0     0   103    86
     0     0     0     0     0    80     0     0     0    90     0     0     0     0     0     0     0     0
     0     0    94     0     0   116     0     0     0     0     0     0     0     0     0     0     0     0
   109     0     0     0     0     0   114     0    84     0   106     0     0     0     0    99     0     0
   117     0     0     0     0     0     0     0     0     0     0     0     0     0    99     0   100     0
   117     0     0     0   101     0     0     0     0     0   109   103     0     0     0   100     0     0
     0   118     0     0     0     0     0   119    94     0     0    86     0     0     0     0     0     0
