18
     0     0     0     0     0   104   107     0   101     0   114     0     0     0   119    84    94     0
     0     0     0    90   106     0     0     0     0   109   103     0     0     0     0     0     0    86
     0     0     0     0    99   100     0     0     0     0    82   102     0    98     0     0     0     0
     0    90     0     0    98     0    90     0     0    96   111     0     0     0     0     0     0     0
     0   106    99    98     0     0     0   104     0     0   112     0     0     0     0     0    82     0
   104     0   100     0     0     0     0     0     0     0     0     0   107    89     0     0     0     0
   107     0     0    90     0     0     0     0   104    87    91   101     0     0   101     0     0     0
     0     0     0     0   104     0     0     0     0     0     0     0     0     0     0     0     0   115
   101     0     0     0     0     0   104     0     0     0     0     0     0     0    88     0     0    83
     0   109     0    96     0     0    87     0     0     0     0     0   109     0     0    88     0     0
   114   103    82   111   112     0    91     0     0     0     0     0     0     0    90     0    84     0
     0     0   102     0     0     0   101     0     0     0     0     0     0     0    98     0   118   113
     0     0     0     0     0   107     0     0     0   109     0     0     0     0     0    81     0    83
     0     0    98     0     0    89     0     0     0     0     0     0     0     0     0     0     0     0
   119     0     0     0     0     0   101     0    88     0    90    98     0     0     0    91     0     0
    84     0     0     0     0     0     0     0     0    88     0     0    81     0    91     0   103     0
    94     0     0     0    82     0     0     0     0     0    84   118     0     0     0   103     0     0
     0    86     0     0     0     0     0   115    83     0     0   113    83     0     0     0     0     0
