19
     0     0    91    99     0     0     0     0     0     0     0     0   109   117     0   117     0     0    83
     0     0   117     0    96     0     0     0     0     0     0     0     0   109     0     0     0     0   118
    91   117     0     0     0     0     0     0    90     0     0    92     0    94     0     0     0     0    92
    99     0     0     0     0     0    80     0    98     0     0     0   102     0     0     0     0     0     0
     0    96     0     0     0     0     0     0     0     0   101     0     0    80     0   116     0     0     0
     0     0     0     0     0     0    94     0     0     0   104     0     0     0     0     0     0     0   107
     0     0     0    80     0    94     0     0     0     0     0     0     0     0   101   114     0     0     0
     0     0     0     0     0     0     0     0     0     0     0     0     0     0     0   119     0     0     0
     0     0    90    98     0     0     0     0     0     0     0    84     0    94     0     0     0     0    90
     0     0     0     0     0     0     0     0     0     0     0     0     0     0     0     0     0   106     0
     0     0     0     0   101   104     0     0     0     0     0     0     0     0   109     0     0     0     0
     0     0    92     0     0     0     0     0    84     0     0     0   103     0     0     0     0    86    99
   109     0     0   102     0     0     0     0     0     0     0   103     0     0     0   100     0     0     0
   117   109    94     0    80     0     0     0    94     0     0     0     0     0     0     0    82     0     0
     0     0     0     0     0     0   101     0     0     0   109     0     0     0     0     0     0   102     0
   117     0     0     0   116     0   114   119     0     0     0     0   100     0     0     0     0     0     0
     0     0     0     0     0     0     0     0     0     0     0     0     0    82     0     0     0     0    98
     0     0     0     0     0     0     0     0     0   106     0    86     0     0   102     0     0     0     0
    83   118    92     0     0   107     0     0    90     0     0    99     0     0     0     0    98     0     0
