19
     0     0   106   109     0     0     0     0     0     0     0     0   103    86     0    99     0     0   100
     0     0    82   102    98     0    98    90     0     0     0     0    96   111     0     0     0     0   104
   106    82     0     0     0     0     0     0   112     0     0    82     0   107     0     0     0     0    89
   109   102     0     0     0     0   104     0    87    91     0     0   101     0     0   101     0     0   115
     0    98     0     0     0     0     0     0     0     0    88     0     0    83     0   109     0     0     0
     0     0     0     0     0     0    88     0     0    90    84    98     0     0     0     0     0     0   118
     0    98     0   104     0    88     0     0     0     0     0     0     0     0   113    81     0     0     0
     0    90     0     0     0     0     0     0     0     0     0     0     0     0     0    83     0     0     0
     0     0   112    87     0     0     0     0     0     0     0    91     0   103     0     0     0     0    85
     0     0     0    91     0    90     0     0     0     0     0     0     0     0     0     0     0   113     0
     0     0     0     0    88    84     0     0     0     0     0     0     0     0    80     0     0     0     0
     0     0    82     0     0    98     0     0    91     0     0     0   106     0     0     0     0    85    98
   103    96     0   101     0     0     0     0     0     0     0   106     0     0     0    96     0     0     0
    86   111   107     0    83     0     0     0   103     0     0     0     0     0     0     0   111     0     0
     0     0     0     0     0     0   113     0     0     0    80     0     0     0     0     0     0    89     0
    99     0     0   101   109     0    81    83     0     0     0     0    96     0     0     0     0     0     0
     0     0     0     0     0     0     0     0     0     0     0     0     0   111     0     0     0     0   100
     0     0     0     0     0     0     0     0     0   113     0    85     0     0    89     0     0     0     0
   100   104    89   115     0   118     0     0    85     0     0    98     0     0     0     0   100     0     0
