20
     0     0    90     0     0     0     0     0     0     0     0     0    98     0     0   101     0     0     0     0
     0     0     0     0     0     0     0     0     0     0     0     0    94     0   112     0     0     0     0     0
    90     0     0   102     0     0     0     0   110     0     0     0     0     0     0     0    86    88     0     0
     0     0   102     0     0     0     0     0    92     0     0     0     0     0     0     0   102     0     0   100
     0     0     0     0     0     0    89     0     0     0     0     0     0     0     0   101     0     0     0     0
     0     0     0     0     0     0     0     0    93     0     0     0     0     0     0     0     0     0     0     0
     0     0     0     0    89     0     0    91     0    99     0   109     0   117     0     0     0     0     0     0
     0     0     0     0     0     0    91     0   117     0     0     0     0     0     0     0     0     0    83     0
     0     0   110    92     0    93     0   117     0     0   117     0     0     0     0    96     0     0   109     0
     0     0     0     0     0     0    99     0     0     0     0     0     0     0   118     0     0     0     0     0
     0     0     0     0     0     0     0     0   117     0     0     0     0     0     0     0     0     0    90     0
     0     0     0     0     0     0   109     0     0     0     0     0     0     0    92     0    94     0     0     0
    98    94     0     0     0     0     0     0     0     0     0     0     0     0     0     0     0     0     0     0
     0     0     0     0     0     0   117     0     0     0     0     0     0     0    92     0    80     0     0     0
     0   112     0     0     0     0     0     0     0   118     0    92     0    92     0     0     0     0     0     0
   101     0     0     0   101     0     0     0    96     0     0     0     0     0     0     0     0     0     0     0
     0     0    86   102     0     0     0     0     0     0     0    94     0    80     0     0     0     0     0     0
     0     0    88     0     0     0     0     0     0     0     0     0     0     0     0     0     0     0     0     0
     0     0     0     0     0     0     0    83   109     0    90     0     0     0     0     0     0     0     0     0
     0     0     0   100     0     0     0     0     0     0     0     0     0     0     0     0     0     0     0     0
