20
     0     0   117     0     0     0     0     0     0     0     0     0    96     0   109   118     0     0     0     0
     0     0     0     0     0     0     0     0     0     0     0     0    90     0    92     0     0     0     0     0
   117     0     0    94     0    92     0     0    80     0     0     0     0     0     0     0    98   102     0     0
     0     0    94     0     0     0     0     0   101     0     0     0     0     0     0     0    80     0     0   116
     0     0     0     0     0     0    94     0     0     0     0     0     0     0     0   104   107     0     0   101
     0     0    92     0     0     0     0     0   114     0   119     0     0     0     0     0     0     0     0     0
     0     0     0     0    94     0     0    84     0    94     0    90     0   106     0     0     0     0     0   109
     0     0     0     0     0     0    84     0   103     0     0     0     0     0     0     0     0     0    86     0
     0     0    80   101     0   114     0   103     0     0    99     0     0     0     0   100     0     0    82     0
     0     0     0     0     0     0    94     0     0     0     0     0     0     0   102     0     0     0     0     0
     0     0     0     0     0   119     0     0    99     0     0     0     0     0     0     0    98     0    98     0
     0     0     0     0     0     0    90     0     0     0     0     0     0     0    90     0    96     0     0     0
    96    90     0     0     0     0     0     0     0     0     0     0     0     0     0     0     0   111     0     0
     0     0     0     0     0     0   106     0     0     0     0     0     0     0   104   112    82     0     0     0
   109    92     0     0     0     0     0     0     0   102     0    90     0   104     0     0     0     0     0     0
   118     0     0     0   104     0     0     0   100     0     0     0     0   112     0     0     0     0     0     0
     0     0    98    80   107     0     0     0     0     0    98    96     0    82     0     0     0     0     0     0
     0     0   102     0     0     0     0     0     0     0     0     0   111     0     0     0     0     0     0   107
     0     0     0     0     0     0     0    86    82     0    98     0     0     0     0     0     0     0     0     0
     0     0     0   116   101     0   109     0     0     0     0     0     0     0     0     0     0   107     0     0
