20
     0     0    94     0     0     0     0     0     0     0     0     0    90     0   106   109   103     0     0     0
     0     0     0     0     0     0     0     0     0     0     0     0    86     0    99   100     0     0     0     0
    94     0     0    82   102    98     0     0    98     0    90     0     0     0     0     0    96   111     0     0
     0     0    82     0     0     0     0     0   104     0     0   112    82     0     0     0   107     0     0    89
     0     0   102     0     0     0   104     0     0     0     0     0     0     0     0    87    91     0     0   101
     0     0    98     0     0     0     0     0   101     0   115     0     0     0     0     0     0     0     0    88
     0     0     0     0   104     0     0    83     0   109     0    88     0    90     0     0     0     0     0    84
     0     0     0     0     0     0    83     0    98     0     0     0     0     0     0     0     0     0   118     0
     0     0    98   104     0   101     0    98     0     0   113     0     0     0     0    81     0     0    83     0
     0     0     0     0     0     0   109     0     0     0     0     0     0     0    91     0     0     0     0     0
     0     0    90     0     0   115     0     0   113     0     0   103     0    85     0     0   113     0    80     0
     0     0     0   112     0     0    88     0     0     0   103     0     0     0   106     0    85     0     0     0
    90    86     0    82     0     0     0     0     0     0     0     0     0     0     0     0     0    98     0     0
     0     0     0     0     0     0    90     0     0     0    85     0     0     0    96   111    89     0     0     0
   106    99     0     0     0     0     0     0     0    91     0   106     0    96     0     0     0     0     0     0
   109   100     0     0    87     0     0     0    81     0     0     0     0   111     0     0     0     0     0     0
   103     0    96   107    91     0     0     0     0     0   113    85     0    89     0     0     0     0   100     0
     0     0   111     0     0     0     0     0     0     0     0     0    98     0     0     0     0     0     0    97
     0     0     0     0     0     0     0   118    83     0    80     0     0     0     0     0   100     0     0     0
     0     0     0    89   101    88    84     0     0     0     0     0     0     0     0     0     0    97     0     0
