21
     0     0   115    88     0     0     0     0     0     0     0     0     0     0     0     0     0    83     0   109     0
     0     0    88     0     0     0     0     0     0    90     0    84     0     0     0     0     0     0     0     0     0
   115    88     0     0     0     0     0     0     0     0     0     0     0     0     0     0     0     0     0     0    98
    88     0     0     0     0     0     0     0     0   118     0     0     0     0     0   113     0     0     0     0     0
     0     0     0     0     0     0     0     0     0    81    83     0     0     0     0     0     0     0     0     0     0
     0     0     0     0     0     0     0     0     0     0     0     0     0     0     0     0     0     0    91     0     0
     0     0     0     0     0     0     0     0     0     0     0     0     0     0     0     0     0     0   103     0     0
     0     0     0     0     0     0     0     0     0     0     0    85     0     0   113     0     0     0     0     0    80
     0     0     0     0     0     0     0     0     0     0     0     0   106     0     0     0     0     0    85     0     0
     0    90     0   118    81     0     0     0     0     0     0     0     0    98     0     0    96     0     0   111     0
     0     0     0     0    83     0     0     0     0     0     0     0     0     0    89     0     0   100    97     0     0
     0    84     0     0     0     0     0    85     0     0     0     0     0     0     0     0     0     0   100     0    83
     0     0     0     0     0     0     0     0   106     0     0     0     0     0     0     0     0     0     0     0     0
     0     0     0     0     0     0     0     0     0    98     0     0     0     0     0     0   106     0     0     0     0
     0     0     0     0     0     0     0   113     0     0    89     0     0     0     0     0     0     0     0     0     0
     0     0     0   113     0     0     0     0     0     0     0     0     0     0     0     0     0     0     0     0   111
     0     0     0     0     0     0     0     0     0    96     0     0     0   106     0     0     0   106     0     0     0
    83     0     0     0     0     0     0     0     0     0   100     0     0     0     0     0   106     0     0     0     0
     0     0     0     0     0    91   103     0    85     0    97   100     0     0     0     0     0     0     0     0    89
   109     0     0     0     0     0     0     0     0   111     0     0     0     0     0     0     0     0     0     0     0
     0     0    98     0     0     0     0    80     0     0     0    83     0     0     0   111     0     0    89     0     0
