21
     0    96     0     0     0     0   108     0     0     0     0     0     0     0     0     0     0    95   112     0     0
    96     0     0     0   115     0     0     0     0     0     0     0   116     0     0     0     0     0   101    88    85
     0     0     0     0   102     0     0     0     0     0     0     0     0     0     0     0     0    85     0     0     0
     0     0     0     0     0     0     0     0     0     0    85     0     0     0     0     0     0    90     0     0     0
     0   115   102     0     0   102     0     0     0     0     0     0    97    88    80    99     0     0   103     0    93
     0     0     0     0   102     0    88     0     0    96     0     0   116     0     0     0     0     0    92     0     0
   108     0     0     0     0    88     0     0     0     0     0   117     0     0     0     0     0     0     0     0     0
     0     0     0     0     0     0     0     0     0     0     0     0     0    94     0   107     0     0     0   116     0
     0     0     0     0     0     0     0     0     0     0     0     0    93     0     0     0   107     0     0     0     0
     0     0     0     0     0    96     0     0     0     0     0     0   112     0     0     0     0   110     0     0     0
     0     0     0    85     0     0     0     0     0     0     0    96    87     0     0     0     0     0     0     0     0
     0     0     0     0     0     0   117     0     0     0    96     0     0     0     0     0   103     0     0     0     0
     0   116     0     0    97   116     0     0    93   112    87     0     0    91     0    84     0     0     0     0     0
     0     0     0     0    88     0     0    94     0     0     0     0    91     0     0     0     0     0     0     0     0
     0     0     0     0    80     0     0     0     0     0     0     0     0     0     0    83     0   101    90     0     0
     0     0     0     0    99     0     0   107     0     0     0     0    84     0    83     0     0     0     0     0     0
     0     0     0     0     0     0     0     0   107     0     0   103     0     0     0     0     0     0     0   107     0
    95     0    85    90     0     0     0     0     0   110     0     0     0     0   101     0     0     0   109     0     0
   112   101     0     0   103    92     0     0     0     0     0     0     0     0    90     0     0   109     0     0     0
     0    88     0     0     0     0     0   116     0     0     0     0     0     0     0     0   107     0     0     0     0
     0    85     0     0    93     0     0     0     0     0     0     0     0     0     0     0     0     0     0     0     0
