21
     0     0     0   114     0     0     0   102     0     0     0     0   108     0     0   118     0     0     0     0     0
     0     0     0    82     0     0     0     0   104   119     0     0    97     0     0     0   119     0     0     0     0
     0     0     0   109     0   104   116     0     0     0     0     0     0     0   109     0     0     0     0     0   103
   114    82   109     0     0     0   103     0     0     0     0     0     0     0     0     0     0     0     0     0     0
     0     0     0     0     0     0   103     0     0     0     0     0     0     0     0     0   118     0     0   117     0
     0     0   104     0     0     0     0     0     0   102     0     0     0     0     0     0     0    88     0   117    88
     0     0   116   103   103     0     0     0   103     0     0     0     0     0     0     0     0     0   107    84   106
   102     0     0     0     0     0     0     0     0   105     0    84   120     0    90    95   113     0   113     0     0
     0   104     0     0     0     0   103     0     0    82     0   112     0     0     0   117   108   111     0     0     0
     0   119     0     0     0   102     0   105    82     0     0    95     0   106   101     0     0     0     0     0     0
     0     0     0     0     0     0     0     0     0     0     0     0     0     0     0     0     0     0     0   119     0
     0     0     0     0     0     0     0    84   112    95     0     0   101    89     0     0     0     0     0   103    86
   108    97     0     0     0     0     0   120     0     0     0   101     0     0     0     0     0     0     0     0   112
     0     0     0     0     0     0     0     0     0   106     0    89     0     0     0     0     0     0     0     0     0
     0     0   109     0     0     0     0    90     0   101     0     0     0     0     0     0     0     0     0   100     0
   118     0     0     0     0     0     0    95   117     0     0     0     0     0     0     0    82     0     0     0     0
     0   119     0     0   118     0     0   113   108     0     0     0     0     0     0    82     0     0     0     0    95
     0     0     0     0     0    88     0     0   111     0     0     0     0     0     0     0     0     0     0     0   111
     0     0     0     0     0     0   107   113     0     0     0     0     0     0     0     0     0     0     0     0     0
     0     0     0     0   117   117    84     0     0     0   119   103     0     0   100     0     0     0     0     0   120
     0     0   103     0     0    88   106     0     0     0     0    86   112     0     0     0    95   111     0   120     0
