22
     0     0     0     0     0     0     0     0    82     0     0    94     0   106     0     0     0    85     0     0     0   110
     0     0     0     0     0     0     0     0   111     0     0     0     0     0     0     0     0   101     0     0     0     0
     0     0     0     0   114   119     0    97     0     0     0     0     0     0     0     0     0     0     0     0     0   103
     0     0     0     0     0     0     0     0     0     0    94     0     0   101     0     0   100     0     0     0     0     0
     0     0   114     0     0     0     0     0     0   111     0    89     0    84     0     0     0    82     0     0     0     0
     0     0   119     0     0     0   102     0   114     0   104     0     0     0     0     0     0     0     0     0    90     0
     0     0     0     0     0   102     0     0    90   106     0     0     0     0     0     0     0     0   111   111     0     0
     0     0    97     0     0     0     0     0   102     0     0     0     0     0     0     0     0     0     0     0     0    97
    82   111     0     0     0   114    90   102     0     0     0     0     0     0    88     0     0   112   118     0     0     0
     0     0     0     0   111     0   106     0     0     0     0     0     0     0     0     0     0     0     0    93     0     0
     0     0     0    94     0   104     0     0     0     0     0     0     0     0    85     0   103     0     0     0     0     0
    94     0     0     0    89     0     0     0     0     0     0     0     0     0     0     0     0   100   117     0     0     0
     0     0     0     0     0     0     0     0     0     0     0     0     0     0     0     0    96     0    82     0     0     0
   106     0     0   101    84     0     0     0     0     0     0     0     0     0     0   111     0     0     0     0     0     0
     0     0     0     0     0     0     0     0    88     0    85     0     0     0     0     0     0     0     0    94     0    99
     0     0     0     0     0     0     0     0     0     0     0     0     0   111     0     0     0     0     0     0     0     0
     0     0     0   100     0     0     0     0     0     0   103     0    96     0     0     0     0     0     0     0     0     0
    85   101     0     0    82     0     0     0   112     0     0   100     0     0     0     0     0     0     0     0     0    95
     0     0     0     0     0     0   111     0   118     0     0   117    82     0     0     0     0     0     0     0     0     0
     0     0     0     0     0     0   111     0     0    93     0     0     0     0    94     0     0     0     0     0   110   120
     0     0     0     0     0    90     0     0     0     0     0     0     0     0     0     0     0     0     0   110     0     0
   110     0   103     0     0     0     0    97     0     0     0     0     0     0    99     0     0    95     0   120     0     0
