22
     0     0     0     0     0     0     0     0   111     0     0   111     0   102     0     0     0    97     0     0     0    88
     0     0     0     0     0     0     0     0   112     0     0     0   118     0     0     0     0    93     0    85     0     0
     0     0     0     0   103   100     0   117     0     0     0     0     0     0     0     0    96     0     0     0     0    82
     0     0     0     0     0     0     0     0     0     0   111     0     0    94     0     0    99     0     0     0     0     0
     0     0   103     0     0     0     0     0     0    95     0   110     0   120     0     0     0   118     0     0     0     0
     0     0   100     0     0     0   101     0    90     0    83     0     0     0     0     0     0   103     0     0   112     0
     0     0     0     0     0   101     0     0   117    88     0     0     0     0     0     0     0     0    83    87     0     0
     0     0   117     0     0     0     0     0   114     0     0     0     0     0     0     0     0     0     0     0     0   116
   111   112     0     0     0    90   117   114     0     0     0     0     0   120    98     0     0    92    89     0     0     0
     0     0     0     0    95     0    88     0     0     0     0     0     0     0     0     0     0     0     0    91     0     0
     0     0     0   111     0    83     0     0     0     0     0     0     0     0    89     0   102     0     0     0     0     0
   111     0     0     0   110     0     0     0     0     0     0     0    97     0     0     0     0   115    84     0    95     0
     0   118     0     0     0     0     0     0     0     0     0    97     0     0     0     0    90     0    86     0     0     0
   102     0     0    94   120     0     0     0   120     0     0     0     0     0     0    85     0   106     0     0   108   103
     0     0     0     0     0     0     0     0    98     0    89     0     0     0     0     0     0     0     0    95     0   109
     0     0     0     0     0     0     0     0     0     0     0     0     0    85     0     0     0     0     0   102     0     0
     0     0    96    99     0     0     0     0     0     0   102     0    90     0     0     0     0     0     0     0     0     0
    97    93     0     0   118   103     0     0    92     0     0   115     0   106     0     0     0     0     0     0     0   118
     0     0     0     0     0     0    83     0    89     0     0    84    86     0     0     0     0     0     0     0     0     0
     0    85     0     0     0     0    87     0     0    91     0     0     0     0    95   102     0     0     0     0   120   105
     0     0     0     0     0   112     0     0     0     0     0    95     0   108     0     0     0     0     0   120     0     0
    88     0    82     0     0     0     0   116     0     0     0     0     0   103   109     0     0   118     0   105     0     0
