23
     0     0     0     0     0   112     0     0     0     0     0     0     0    92    94     0     0     0    97    86     0     0     0
     0     0     0     0     0     0     0     0   110     0     0     0     0     0   109     0   108     0     0     0     0     0     0
     0     0     0     0     0     0     0     0     0     0     0     0     0     0     0     0     0     0   113     0    98   118     0
     0     0     0     0    94     0     0     0     0     0     0     0     0     0     0     0    83     0     0     0     0    87     0
     0     0     0    94     0     0     0     0     0     0     0   101    92     0     0     0     0    89     0     0     0     0     0
   112     0     0     0     0     0     0    90     0     0     0     0     0     0     0    92     0     0     0     0     0     0     0
     0     0     0     0     0     0     0     0     0     0     0     0     0     0     0     0     0     0    89   107     0     0     0
     0     0     0     0     0    90     0     0     0     0   119     0     0     0     0     0    82     0     0     0     0     0     0
     0   110     0     0     0     0     0     0     0     0     0     0     0     0     0     0     0     0     0     0     0     0     0
     0     0     0     0     0     0     0     0     0     0     0     0     0   113     0     0     0     0     0     0     0     0   111
     0     0     0     0     0     0     0   119     0     0     0    84     0     0     0     0     0   119     0     0    80     0     0
     0     0     0     0   101     0     0     0     0     0    84     0     0     0     0     0     0   103     0     0     0     0     0
     0     0     0     0    92     0     0     0     0     0     0     0     0     0     0     0     0     0     0     0     0     0     0
    92     0     0     0     0     0     0     0     0   113     0     0     0     0     0     0     0     0     0     0   105     0     0
    94   109     0     0     0     0     0     0     0     0     0     0     0     0     0     0     0     0     0     0    83     0     0
     0     0     0     0     0    92     0     0     0     0     0     0     0     0     0     0     0     0    94     0     0     0   119
     0   108     0    83     0     0     0    82     0     0     0     0     0     0     0     0     0     0     0     0     0     0     0
     0     0     0     0    89     0     0     0     0     0   119   103     0     0     0     0     0     0     0     0     0    99     0
    97     0   113     0     0     0    89     0     0     0     0     0     0     0     0    94     0     0     0     0     0     0     0
    86     0     0     0     0     0   107     0     0     0     0     0     0     0     0     0     0     0     0     0     0     0     0
     0     0    98     0     0     0     0     0     0     0    80     0     0   105    83     0     0     0     0     0     0     0     0
     0     0   118    87     0     0     0     0     0     0     0     0     0     0     0     0     0    99     0     0     0     0     0
     0     0     0     0     0     0     0     0     0   111     0     0     0     0     0   119     0     0     0     0     0     0     0
