23
     0     0   117     0     0     0     0     0     0     0     0     0     0     0   118   118    90     0   117     0    90   120     0
     0     0    95     0     0     0     0     0   114     0   101     0    92     0     0     0     0     0     0     0     0     0     0
   117    95     0     0     0     0     0    81     0   104     0    85     0     0     0     0     0     0     0     0   111     0     0
     0     0     0     0     0     0    95     0     0     0     0     0     0     0     0     0   108     0     0     0     0     0     0
     0     0     0     0     0     0     0    94     0     0   106     0     0     0     0    80     0     0    98    80     0    96     0
     0     0     0     0     0     0     0     0     0    82     0     0     0    85     0     0     0     0     0     0     0     0     0
     0     0     0    95     0     0     0    86     0   107     0     0   109     0     0     0     0     0     0     0     0     0     0
     0     0    81     0    94     0    86     0     0     0    89     0    84     0     0     0     0   106    87    82     0     0     0
     0   114     0     0     0     0     0     0     0     0     0     0   104     0     0     0     0     0     0     0     0     0    98
     0     0   104     0     0    82   107     0     0     0     0     0     0     0     0     0     0     0     0     0     0     0     0
     0   101     0     0   106     0     0    89     0     0     0     0    80     0     0     0     0     0     0     0     0   116     0
     0     0    85     0     0     0     0     0     0     0     0     0     0    99     0     0     0     0     0     0     0     0    95
     0    92     0     0     0     0   109    84   104     0    80     0     0     0     0   110     0     0     0     0     0     0     0
     0     0     0     0     0    85     0     0     0     0     0    99     0     0     0     0     0     0     0     0   120     0   107
   118     0     0     0     0     0     0     0     0     0     0     0     0     0     0     0     0     0     0     0     0     0     0
   118     0     0     0    80     0     0     0     0     0     0     0   110     0     0     0     0     0     0     0   111   106     0
    90     0     0   108     0     0     0     0     0     0     0     0     0     0     0     0     0     0     0   115   101     0     0
     0     0     0     0     0     0     0   106     0     0     0     0     0     0     0     0     0     0     0     0     0     0     0
   117     0     0     0    98     0     0    87     0     0     0     0     0     0     0     0     0     0     0     0     0     0     0
     0     0     0     0    80     0     0    82     0     0     0     0     0     0     0     0   115     0     0     0     0     0     0
    90     0   111     0     0     0     0     0     0     0     0     0     0   120     0   111   101     0     0     0     0     0     0
   120     0     0     0    96     0     0     0     0     0   116     0     0     0     0   106     0     0     0     0     0     0     0
     0     0     0     0     0     0     0     0    98     0     0    95     0   107     0     0     0     0     0     0     0     0     0
