24
     0     0     0     0     0     0   102     0     0     0     0     0     0     0     0     0     0     0     0    90     0     0     0     0
     0     0     0     0     0     0     0     0     0     0     0     0     0     0     0     0     0    93   108     0     0     0     0     0
     0     0     0     0     0     0   101     0   107     0     0     0     0     0     0     0     0     0     0     0    97    82     0     0
     0     0     0     0     0     0   101     0     0     0     0     0   100     0     0     0   117   105     0     0     0     0    98     0
     0     0     0     0     0     0     0     0     0    88   101     0     0     0     0     0     0    82     0     0     0     0     0     0
     0     0     0     0     0     0     0     0    94     0     0     0     0     0     0     0     0     0     0     0     0     0   106     0
   102     0   101   101     0     0     0     0     0     0     0     0     0    85     0     0     0   110     0     0     0     0     0   111
     0     0     0     0     0     0     0     0     0     0     0   101   114     0     0   119     0     0     0     0     0     0     0     0
     0     0   107     0     0    94     0     0     0     0     0     0     0     0     0     0     0     0     0     0     0     0    97     0
     0     0     0     0    88     0     0     0     0     0     0     0     0     0     0     0     0     0     0     0     0     0     0     0
     0     0     0     0   101     0     0     0     0     0     0     0     0     0     0     0     0     0     0     0     0     0     0     0
     0     0     0     0     0     0     0   101     0     0     0     0     0     0     0     0     0     0     0     0     0     0   103    94
     0     0     0   100     0     0     0   114     0     0     0     0     0     0     0     0     0     0     0     0     0     0     0     0
     0     0     0     0     0     0    85     0     0     0     0     0     0     0   101     0     0   100     0     0     0     0     0     0
     0     0     0     0     0     0     0     0     0     0     0     0     0   101     0     0     0     0     0     0     0   111     0     0
     0     0     0     0     0     0     0   119     0     0     0     0     0     0     0     0     0     0     0    89     0     0     0     0
     0     0     0   117     0     0     0     0     0     0     0     0     0     0     0     0     0     0     0     0    84     0     0    82
     0    93     0   105    82     0   110     0     0     0     0     0     0   100     0     0     0     0     0     0     0     0   102     0
     0   108     0     0     0     0     0     0     0     0     0     0     0     0     0     0     0     0     0   114     0     0     0     0
    90     0     0     0     0     0     0     0     0     0     0     0     0     0     0    89     0     0   114     0     0     0     0     0
     0     0    97     0     0     0     0     0     0     0     0     0     0     0     0     0    84     0     0     0     0     0     0     0
     0     0    82     0     0     0     0     0     0     0     0     0     0     0   111     0     0     0     0     0     0     0     0     0
     0     0     0    98     0   106     0     0    97     0     0   103     0     0     0     0     0   102     0     0     0     0     0   104
     0     0     0     0     0     0   111     0     0     0     0    94     0     0     0     0    82     0     0     0     0     0   104     0
