24
     0     0     0     0    89     0    84     0     0     0     0     0     0     0     0     0     0     0    82   102     0     0     0     0
     0     0     0     0     0     0     0     0     0     0     0     0     0     0     0     0     0   114   104     0     0     0     0     0
     0     0     0     0     0     0    90     0    90     0     0     0     0     0     0     0     0     0     0     0   106   111     0     0
     0     0     0     0     0     0   111     0     0     0   102    97    88     0     0     0   112   118     0     0     0    93    85     0
    89     0     0     0     0     0     0     0     0   103   100     0     0     0     0     0     0   117     0     0     0     0     0     0
     0     0     0     0     0     0     0     0    96     0     0     0     0     0     0     0     0     0     0     0     0     0    82     0
    84     0    90   111     0     0     0     0     0     0     0     0     0   111     0     0     0    94     0     0     0     0     0    99
     0     0     0     0     0     0     0     0     0     0     0    95   110     0     0   120     0     0     0     0     0     0     0     0
     0     0    90     0     0    96     0     0     0     0     0     0     0     0     0     0     0     0     0     0     0     0   118     0
     0     0     0     0   103     0     0     0     0     0     0     0     0     0     0     0     0     0     0     0     0     0   101     0
     0     0     0   102   100     0     0     0     0     0     0     0     0     0     0     0     0    90     0     0     0     0     0     0
     0     0     0    97     0     0     0    95     0     0     0     0     0     0     0     0     0     0     0     0     0     0    83   103
     0     0     0    88     0     0     0   110     0     0     0     0     0     0     0     0     0     0     0     0     0     0     0     0
     0     0     0     0     0     0   111     0     0     0     0     0     0     0   112     0     0   117     0     0     0     0    88     0
     0     0     0     0     0     0     0     0     0     0     0     0     0   112     0     0     0     0     0     0     0    83     0     0
     0     0     0     0     0     0     0   120     0     0     0     0     0     0     0     0     0     0     0    87     0     0     0     0
     0     0     0   112     0     0     0     0     0     0     0     0     0     0     0     0     0     0     0     0   114     0     0   116
     0   114     0   118   117     0    94     0     0     0    90     0     0   117     0     0     0     0   120     0     0     0    98     0
    82   104     0     0     0     0     0     0     0     0     0     0     0     0     0     0     0   120     0    92     0     0     0     0
   102     0     0     0     0     0     0     0     0     0     0     0     0     0     0    87     0     0    92     0     0     0    89     0
     0     0   106     0     0     0     0     0     0     0     0     0     0     0     0     0   114     0     0     0     0     0     0     0
     0     0   111    93     0     0     0     0     0     0     0     0     0     0    83     0     0     0     0     0     0     0    91    89
     0     0     0    85     0    82     0     0   118   101     0    83     0    88     0     0     0    98     0    89     0    91     0   102
     0     0     0     0     0     0    99     0     0     0     0   103     0     0     0     0   116     0     0     0     0    89   102     0
