24
     0     0     0     0    90     0    83     0     0     0     0     0     0     0     0     0     0     0   103   112     0     0     0     0
     0     0     0     0     0     0     0     0     0     0     0     0     0     0     0     0     0   117    88     0     0     0     0     0
     0     0     0     0     0     0    83     0    87     0     0     0     0     0     0     0     0   114     0     0   116   120     0     0
     0     0     0     0     0     0    98     0     0     0    92    89    91     0     0     0    89   102     0     0     0    97   115     0
    90     0     0     0     0     0     0     0     0    84    95     0     0     0     0     0     0    90     0     0     0     0     0     0
     0     0     0     0     0     0     0     0    86     0     0    85     0     0     0     0     0     0     0     0     0     0   106     0
    83     0    83    98     0     0     0     0     0     0     0     0     0   108     0     0     0   103     0     0     0     0     0    95
     0     0     0     0     0     0     0     0     0   109     0   102   118     0     0   120     0     0     0     0     0     0     0     0
     0     0    87     0     0    86     0     0     0     0     0     0     0     0     0     0     0     0     0     0     0     0   105     0
     0     0     0     0    84     0     0   109     0     0     0     0     0     0     0     0     0     0     0     0     0     0   103     0
     0     0     0    92    95     0     0     0     0     0     0     0     0     0     0     0     0   113     0     0     0     0     0     0
     0     0     0    89     0    85     0   102     0     0     0     0     0     0     0     0     0     0     0     0     0     0   101   111
     0     0     0    91     0     0     0   118     0     0     0     0     0     0     0     0     0     0   117     0     0     0   108     0
     0     0     0     0     0     0   108     0     0     0     0     0     0     0   107     0     0   114     0     0     0     0   109    84
     0     0     0     0     0     0     0     0     0     0     0     0     0   107     0     0     0     0     0    86   119    95    97     0
     0     0     0     0     0     0     0   120     0     0     0     0     0     0     0     0     0     0     0   102     0     0     0     0
     0     0     0    89     0     0     0     0     0     0     0     0     0     0     0     0     0     0     0   114    93     0     0   106
     0   117   114   102    90     0   103     0     0     0   113     0     0   114     0     0     0     0    89     0     0     0   105     0
   103    88     0     0     0     0     0     0     0     0     0     0   117     0     0     0     0    89     0   113     0    96     0     0
   112     0     0     0     0     0     0     0     0     0     0     0     0     0    86   102   114     0   113     0     0     0    90   100
     0     0   116     0     0     0     0     0     0     0     0     0     0     0   119     0    93     0     0     0     0     0     0     0
     0     0   120    97     0     0     0     0     0     0     0     0     0     0    95     0     0     0    96     0     0     0    80   108
     0     0     0   115     0   106     0     0   105   103     0   101   108   109    97     0     0   105     0    90     0    80     0    88
     0     0     0     0     0     0    95     0     0     0     0   111     0    84     0     0   106     0     0   100     0   108    88     0
