25
     0     0     0     0     0     0     0     0     0   101     0     0   100     0   111     0     0     0     0     0     0     0     0     0     0
     0     0     0    89     0     0     0     0     0     0     0     0     0    84     0     0     0     0     0     0     0     0     0     0     0
     0     0     0     0     0     0     0     0     0     0     0     0     0    82     0     0     0     0     0     0     0     0     0     0     0
     0    89     0     0     0     0     0     0     0   102   114     0     0     0   104     0     0     0     0    90     0     0     0     0     0
     0     0     0     0     0     0    90   106     0     0     0     0     0     0   111     0     0     0   111     0     0   102    97     0     0
     0     0     0     0     0     0     0     0     0     0     0    88     0     0   112     0   118     0     0     0     0     0     0     0    93
     0     0     0     0    90     0     0     0     0     0     0     0     0     0     0     0     0     0    85     0     0     0     0     0     0
     0     0     0     0   106     0     0     0   103     0     0     0     0     0   100     0     0     0     0   117     0     0     0     0     0
     0     0     0     0     0     0     0   103     0     0     0    96     0     0     0    82   111     0     0    94     0     0     0     0     0
   101     0     0   102     0     0     0     0     0     0     0     0     0    99     0     0    95     0     0     0     0     0     0     0     0
     0     0     0   114     0     0     0     0     0     0     0     0     0     0     0     0     0     0   110     0   120     0     0     0     0
     0     0     0     0     0    88     0     0    96     0     0     0     0   118     0   101     0     0     0     0     0     0     0     0     0
   100     0     0     0     0     0     0     0     0     0     0     0     0     0     0    90     0     0     0     0     0     0     0     0     0
     0    84    82     0     0     0     0     0     0    99     0   118     0     0     0     0     0    83   103     0   112     0     0     0     0
   111     0     0   104   111   112     0   100     0     0     0     0     0     0     0     0     0     0   117    88     0     0    83     0     0
     0     0     0     0     0     0     0     0    82     0     0   101    90     0     0     0    87     0     0   114     0     0   116     0   120
     0     0     0     0     0   118     0     0   111    95     0     0     0     0     0    87     0     0     0     0     0     0     0    98    92
     0     0     0     0     0     0     0     0     0     0     0     0     0    83     0     0     0     0     0     0     0     0     0     0     0
     0     0     0     0   111     0    85     0     0     0   110     0     0   103   117     0     0     0     0     0     0     0    89     0     0
     0     0     0    90     0     0     0   117    94     0     0     0     0     0    88   114     0     0     0     0     0     0     0     0     0
     0     0     0     0     0     0     0     0     0     0   120     0     0   112     0     0     0     0     0     0     0    91     0     0     0
     0     0     0     0   102     0     0     0     0     0     0     0     0     0     0     0     0     0     0     0    91     0     0    89     0
     0     0     0     0    97     0     0     0     0     0     0     0     0     0    83   116     0     0    89     0     0     0     0     0     0
     0     0     0     0     0     0     0     0     0     0     0     0     0     0     0     0    98     0     0     0     0    89     0     0     0
     0     0     0     0     0    93     0     0     0     0     0     0     0     0     0   120    92     0     0     0     0     0     0     0     0
