25
     0     0     0     0     0     0     0     0     0    95     0     0   110     0   120     0     0     0     0     0     0     0     0     0     0
     0     0     0   118     0     0     0     0     0     0     0     0     0   101     0     0     0     0     0     0     0     0     0     0     0
     0     0     0     0     0     0     0     0    90     0     0     0    83   103     0     0     0     0     0     0     0     0     0     0     0
     0   118     0     0     0     0     0     0     0   112   117     0     0     0    88    83     0     0     0    87     0     0     0     0     0
     0     0     0     0     0     0   114   116     0     0     0     0     0     0   120     0     0     0    98     0     0    92    89     0     0
     0     0     0     0     0     0     0     0     0     0     0    91     0     0    89     0   102     0     0     0     0     0     0     0    97
     0     0     0     0   114     0     0     0     0   115     0     0    84     0     0     0     0     0    95     0     0    90     0     0     0
     0     0     0     0   116     0     0     0    86     0     0     0     0     0    85     0     0     0     0   106     0   108     0     0     0
     0     0    90     0     0     0     0    86     0     0     0   103     0     0     0    95   109     0     0   102     0     0     0     0     0
    95     0     0   112     0     0   115     0     0     0     0     0     0   118     0     0   120     0   105     0     0     0     0     0     0
     0     0     0   117     0     0     0     0     0     0     0     0     0     0     0     0     0     0   103     0   113     0     0     0     0
     0     0     0     0     0    91     0     0   103     0     0     0     0   101     0   111     0     0     0   117     0     0     0     0     0
   110     0    83     0     0     0    84     0     0     0     0     0     0     0     0   108     0     0     0     0     0     0     0     0     0
     0   101   103     0     0     0     0     0     0   118     0   101     0     0     0   107     0   114   109     0    84     0     0     0     0
   120     0     0    88   120    89     0    85     0     0     0     0     0     0     0     0     0     0    86   119     0     0    95     0     0
     0     0     0    83     0     0     0     0    95     0     0   111   108   107     0     0    97     0     0   102     0   114    93     0   106
     0     0     0     0     0   102     0     0   109   120     0     0     0     0     0    97     0     0     0     0     0     0     0    89   105
     0     0     0     0     0     0     0     0     0     0     0     0     0   114     0     0     0     0     0     0   113     0     0     0     0
     0     0     0     0    98     0    95     0     0   105   103     0     0   109    86     0     0     0     0     0     0     0    96     0     0
     0     0     0    87     0     0     0   106   102     0     0   117     0     0   119   102     0     0     0     0     0     0     0     0     0
     0     0     0     0     0     0     0     0     0     0   113     0     0    84     0     0     0   113     0     0     0    90     0     0     0
     0     0     0     0    92     0    90   108     0     0     0     0     0     0     0   114     0     0     0     0    90     0     0   100     0
     0     0     0     0    89     0     0     0     0     0     0     0     0     0    95    93     0     0    96     0     0     0     0     0     0
     0     0     0     0     0     0     0     0     0     0     0     0     0     0     0     0    89     0     0     0     0   100     0     0     0
     0     0     0     0     0    97     0     0     0     0     0     0     0     0     0   106   105     0     0     0     0     0     0     0     0
