26
     0     0     0     0     0     0     0     0     0     0     0     0     0     0     0     0     0   117     0    88     0    83     0     0     0     0
     0     0     0     0    87     0   114     0     0   116     0     0     0     0     0     0     0     0     0     0     0     0     0     0     0     0
     0     0     0     0     0   120     0     0     0     0    98     0     0     0     0    92    89     0     0     0     0     0     0     0     0     0
     0     0     0     0    91    89     0     0     0   102     0    97     0     0     0     0   115     0     0     0     0     0    84    95    90     0
     0    87     0    91     0     0     0     0     0     0     0     0     0     0     0    86     0     0     0     0     0     0     0     0     0     0
     0     0   120    89     0     0    85     0     0   106     0     0   108     0     0     0     0     0     0     0     0     0     0     0     0   103
     0   114     0     0     0    85     0     0     0     0     0     0     0     0     0     0    95     0     0     0   109     0     0     0     0     0
     0     0     0     0     0     0     0     0     0   102     0     0     0     0     0     0   118     0     0     0     0     0   120     0     0     0
     0     0     0     0     0     0     0     0     0     0     0     0     0     0     0     0   105   103     0     0   113   101     0     0     0     0
     0   116     0   102     0   106     0   102     0     0     0     0   111     0   117     0     0     0   108     0     0     0   107     0     0   114
     0     0    98     0     0     0     0     0     0     0     0     0   109     0     0    84     0    86     0   119    95     0     0    97     0     0
     0     0     0    97     0     0     0     0     0     0     0     0     0     0     0     0     0     0     0     0   102     0     0   114     0     0
     0     0     0     0     0   108     0     0     0   111   109     0     0    93     0   106     0    89   105     0     0   113     0     0     0     0
     0     0     0     0     0     0     0     0     0     0     0     0    93     0    96     0     0    90     0     0     0     0     0     0     0   100
     0     0     0     0     0     0     0     0     0   117     0     0     0    96     0     0     0     0    80   108     0     0     0     0     0     0
     0     0    92     0    86     0     0     0     0     0    84     0   106     0     0     0    88     0     0     0     0     0     0     0     0     0
     0     0    89   115     0     0    95   118   105     0     0     0     0     0     0    88     0     0     0     0     0     0     0     0     0     0
   117     0     0     0     0     0     0     0   103     0    86     0    89    90     0     0     0     0   102   105     0     0     0     0     0    89
     0     0     0     0     0     0     0     0     0   108     0     0   105     0    80     0     0   102     0     0     0     0     0     0     0     0
    88     0     0     0     0     0     0     0     0     0   119     0     0     0   108     0     0   105     0     0     0     0     0     0     0     0
     0     0     0     0     0     0   109     0   113     0    95   102     0     0     0     0     0     0     0     0     0     0    86     0    87     0
    83     0     0     0     0     0     0     0   101     0     0     0   113     0     0     0     0     0     0     0     0     0     0     0     0    82
     0     0     0    84     0     0     0   120     0   107     0     0     0     0     0     0     0     0     0     0    86     0     0     0     0   108
     0     0     0    95     0     0     0     0     0     0    97   114     0     0     0     0     0     0     0     0     0     0     0     0    80     0
     0     0     0    90     0     0     0     0     0     0     0     0     0     0     0     0     0     0     0     0    87     0     0    80     0   119
     0     0     0     0     0   103     0     0     0   114     0     0     0   100     0     0     0    89     0     0     0    82   108     0   119     0
