27
     0    83     0     0     0     0     0     0     0    87     0     0     0     0     0   101    92     0     0     0     0     0    89    90     0     0     0
    83     0     0     0     0     0     0     0     0     0     0     0     0     0     0     0     0     0     0    92     0    89   107     0     0     0   119
     0     0     0     0     0     0    82     0     0   113     0   111     0     0     0     0     0     0     0     0    84     0     0     0     0     0   119
     0     0     0     0     0     0     0     0     0     0     0     0     0     0     0     0     0     0     0     0     0     0     0    80     0     0     0
     0     0     0     0     0     0   103     0     0     0     0     0     0   105     0     0     0     0     0     0     0     0     0     0     0     0     0
     0     0     0     0     0     0     0     0    83     0     0     0     0    94     0     0     0     0     0     0     0     0     0     0     0   119     0
     0     0    82     0   103     0     0    99     0     0     0     0     0     0     0   113     0     0     0     0    86     0     0     0     0    88     0
     0     0     0     0     0     0    99     0     0     0     0     0     0     0     0     0   102     0   116     0     0     0     0     0     0     0     0
     0     0     0     0     0    83     0     0     0     0     0     0     0     0     0     0     0     0    82     0     0     0     0     0     0     0   120
    87     0   113     0     0     0     0     0     0     0     0   113     0     0     0     0    97     0     0     0     0     0     0     0     0    84     0
     0     0     0     0     0     0     0     0     0     0     0    81     0     0     0     0     0   118     0     0     0     0     0     0     0     0     0
     0     0   111     0     0     0     0     0     0   113    81     0    99    92     0    89   111     0     0     0     0     0     0   103     0     0     0
     0     0     0     0     0     0     0     0     0     0     0    99     0     0     0     0     0     0     0     0     0     0     0     0   116   112     0
     0     0     0     0   105    94     0     0     0     0     0    92     0     0     0     0     0     0     0     0     0     0     0     0     0   108     0
     0     0     0     0     0     0     0     0     0     0     0     0     0     0     0     0     0     0     0   111   104     0     0     0     0   112     0
   101     0     0     0     0     0   113     0     0     0     0    89     0     0     0     0   109     0     0     0     0   104     0     0     0    96     0
    92     0     0     0     0     0     0   102     0    97     0   111     0     0     0   109     0     0     0     0    95     0     0     0     0     0     0
     0     0     0     0     0     0     0     0     0     0   118     0     0     0     0     0     0     0     0     0     0     0     0     0     0   109     0
     0     0     0     0     0     0     0   116    82     0     0     0     0     0     0     0     0     0     0   110     0     0     0     0     0     0     0
     0    92     0     0     0     0     0     0     0     0     0     0     0     0   111     0     0     0   110     0     0     0     0     0     0     0     0
     0     0    84     0     0     0    86     0     0     0     0     0     0     0   104     0    95     0     0     0     0     0    95     0     0     0     0
     0    89     0     0     0     0     0     0     0     0     0     0     0     0     0   104     0     0     0     0     0     0     0     0     0    87     0
    89   107     0     0     0     0     0     0     0     0     0     0     0     0     0     0     0     0     0     0    95     0     0     0     0   105     0
    90     0     0    80     0     0     0     0     0     0     0   103     0     0     0     0     0     0     0     0     0     0     0     0     0     0     0
     0     0     0     0     0     0     0     0     0     0     0     0   116     0     0     0     0     0     0     0     0     0     0     0     0     0     0
     0     0     0     0     0   119    88     0     0    84     0     0   112   108   112    96     0   109     0     0     0    87   105     0     0     0     0
     0   119   119     0     0     0     0     0   120     0     0     0     0     0     0     0     0     0     0     0     0     0     0     0     0     0     0
