27
     0     0     0     0     0     0     0     0   115   105     0     0     0     0     0    86   107     0     0     0     0     0     0     0     0     0    87
     0     0     0    82     0   100     0     0     0     0     0     0     0     0     0   115   113     0     0    84     0   108   103     0     0     0     0
     0     0     0     0     0     0   110     0     0    83     0     0     0     0     0     0     0     0     0   119     0     0    99     0     0     0     0
     0    82     0     0     0     0     0     0   116     0     0     0     0     0    93     0   108     0     0     0     0     0     0   100     0     0     0
     0     0     0     0     0     0   117     0     0     0    87     0     0     0     0     0     0     0     0     0     0     0     0     0   110     0    92
     0   100     0     0     0     0     0     0     0     0     0     0     0   108     0     0   119     0     0     0     0     0     0     0     0     0     0
     0     0   110     0   117     0     0   105     0     0     0     0     0   106     0     0     0     0     0     0    94     0     0     0     0     0     0
     0     0     0     0     0     0   105     0     0     0     0     0     0     0     0   118     0     0   104     0     0     0     0     0     0    90     0
   115     0     0   116     0     0     0     0     0     0     0     0     0     0     0     0     0     0     0     0     0     0     0     0     0     0   102
   105     0    83     0     0     0     0     0     0     0     0     0     0     0     0     0     0   110     0     0   118     0     0     0   111   114     0
     0     0     0     0    87     0     0     0     0     0     0    97     0     0   108     0     0     0     0     0     0     0     0     0     0     0     0
     0     0     0     0     0     0     0     0     0     0    97     0   106   103     0     0    95    91     0    93     0     0   101    89     0     0     0
     0     0     0     0     0     0     0     0     0     0     0   106     0     0     0     0     0     0     0     0     0     0     0     0   112    96     0
     0     0     0     0     0   108   106     0     0     0     0   103     0     0     0     0     0   104     0     0   101     0     0     0     0     0     0
     0     0     0    93     0     0     0     0     0     0   108     0     0     0     0     0     0     0   118   100     0     0     0     0     0     0   109
    86   115     0     0     0     0     0   118     0     0     0     0     0     0     0     0     0     0     0     0     0   109     0     0     0     0     0
   107   113     0   108     0   119     0     0     0     0     0    95     0     0     0     0     0     0     0     0   115    98     0   107     0     0     0
     0     0     0     0     0     0     0     0     0   110     0    91     0   104     0     0     0     0     0    99     0     0     0    83     0     0     0
     0     0     0     0     0     0     0   104     0     0     0     0     0     0   118     0     0     0     0     0     0     0     0     0     0    83     0
     0    84   119     0     0     0     0     0     0     0     0    93     0     0   100     0     0    99     0     0     0     0     0     0     0     0     0
     0     0     0     0     0     0    94     0     0   118     0     0     0   101     0     0   115     0     0     0     0     0    98     0     0     0   109
     0   108     0     0     0     0     0     0     0     0     0     0     0     0     0   109    98     0     0     0     0     0     0     0     0    95     0
     0   103    99     0     0     0     0     0     0     0     0   101     0     0     0     0     0     0     0     0    98     0     0     0    81     0     0
     0     0     0   100     0     0     0     0     0     0     0    89     0     0     0     0   107    83     0     0     0     0     0     0     0    99     0
     0     0     0     0   110     0     0     0     0   111     0     0   112     0     0     0     0     0     0     0     0     0    81     0     0     0    92
     0     0     0     0     0     0     0    90     0   114     0     0    96     0     0     0     0     0    83     0     0    95     0    99     0     0   113
    87     0     0     0    92     0     0     0   102     0     0     0     0     0   109     0     0     0     0     0   109     0     0     0    92   113     0
