28
     0     0    89     0     0     0     0     0     0     0     0     0     0   102    97     0     0     0     0   115     0     0     0     0     0     0     0     0
     0     0    84     0     0    95    90     0     0     0     0     0     0     0    86     0     0     0     0     0     0     0    85     0     0     0     0     0
    89    84     0     0     0     0   106   108     0     0     0     0   103     0     0     0     0     0     0     0     0     0     0     0     0    95     0   109
     0     0     0     0     0   102     0     0     0     0     0     0     0   118     0     0     0     0     0   120     0     0   105     0     0     0   103     0
     0     0     0     0     0     0   113   101     0     0     0     0     0     0     0     0     0     0     0     0     0     0     0     0     0   111     0   117
     0    95     0   102     0     0     0     0     0     0     0     0     0     0   108     0     0     0     0     0     0     0     0     0     0     0     0     0
     0    90   106     0   113     0     0     0     0     0     0     0     0     0   107     0     0   114     0     0   109     0    84     0     0     0     0     0
     0     0   108     0   101     0     0     0     0     0    86   119     0     0    95     0    97     0     0     0     0     0     0     0     0     0     0     0
     0     0     0     0     0     0     0     0     0     0     0     0     0     0     0     0     0   102     0   114     0     0    93   106     0     0     0    89
     0     0     0     0     0     0     0     0     0     0     0     0   105     0     0   113     0    96     0     0    90     0     0   100     0     0     0     0
     0     0     0     0     0     0     0    86     0     0     0     0     0     0    80     0     0     0     0     0     0     0   108     0     0     0     0     0
     0     0     0     0     0     0     0   119     0     0     0     0     0     0     0     0     0     0    88     0   102     0     0   105     0     0    89     0
     0     0   103     0     0     0     0     0     0   105     0     0     0     0    86     0     0     0     0     0     0     0     0     0     0     0    87     0
   102     0     0   118     0     0     0     0     0     0     0     0     0     0     0     0     0    82     0     0     0     0     0     0     0     0     0     0
    97    86     0     0     0   108   107    95     0     0    80     0    86     0     0   108     0     0     0     0     0     0     0     0     0     0     0    80
     0     0     0     0     0     0     0     0     0   113     0     0     0     0   108     0     0   119    97     0   107     0     0   114     0     0     0    86
     0     0     0     0     0     0     0    97     0     0     0     0     0     0     0     0     0     0     0     0     0     0     0     0     0   111     0     0
     0     0     0     0     0     0   114     0   102    96     0     0     0    82     0   119     0     0   120     0     0     0     0    84     0     0     0    87
     0     0     0     0     0     0     0     0     0     0     0    88     0     0     0    97     0   120     0     0     0     0     0    97     0   106     0     0
   115     0     0   120     0     0     0     0   114     0     0     0     0     0     0     0     0     0     0     0     0     0     0     0     0     0     0     0
     0     0     0     0     0     0   109     0     0    90     0   102     0     0     0   107     0     0     0     0     0     0     0     0     0    83   112     0
     0     0     0     0     0     0     0     0     0     0     0     0     0     0     0     0     0     0     0     0     0     0    92     0     0     0     0     0
     0    85     0   105     0     0    84     0    93     0   108     0     0     0     0     0     0     0     0     0     0    92     0     0     0     0     0     0
     0     0     0     0     0     0     0     0   106   100     0   105     0     0     0   114     0    84    97     0     0     0     0     0     0    94     0    97
     0     0     0     0     0     0     0     0     0     0     0     0     0     0     0     0     0     0     0     0     0     0     0     0     0     0    86     0
     0     0    95     0   111     0     0     0     0     0     0     0     0     0     0     0   111     0   106     0    83     0     0    94     0     0     0     0
     0     0     0   103     0     0     0     0     0     0     0    89    87     0     0     0     0     0     0     0   112     0     0     0    86     0     0     0
     0     0   109     0   117     0     0     0    89     0     0     0     0     0    80    86     0    87     0     0     0     0     0    97     0     0     0     0
