29
     0     0     0    97     0     0     0     0     0   119     0     0     0     0     0     0     0     0     0     0     0     0     0     0     0     0     0     0    89
     0     0     0   106     0     0     0     0    97     0     0     0     0     0     0     0     0     0     0     0    90     0     0     0     0     0     0     0     0
     0     0     0     0     0     0     0     0     0     0     0    93     0   118     0     0     0     0     0     0   109     0     0     0     0     0     0     0     0
    97   106     0     0     0     0     0    84     0     0     0   120     0     0     0     0     0     0     0     0     0     0     0     0     0     0     0     0     0
     0     0     0     0     0     0     0     0     0     0     0     0     0     0     0     0     0     0     0    81    82     0     0     0     0     0     0     0     0
     0     0     0     0     0     0     0     0     0     0   102     0     0     0     0   100     0     0     0     0     0     0    92     0     0    92     0   110     0
     0     0     0     0     0     0     0     0     0     0     0     0     0     0     0     0     0     0     0     0     0    83    90     0     0     0     0     0     0
     0     0     0    84     0     0     0     0     0     0     0    90     0     0     0     0     0     0     0    92     0     0     0     0     0     0     0     0     0
     0    97     0     0     0     0     0     0     0     0     0     0     0     0   101     0     0     0     0     0   107   114     0   111     0     0     0     0     0
   119     0     0     0     0     0     0     0     0     0     0     0     0     0     0     0     0     0     0     0     0     0   113     0     0     0     0     0     0
     0     0     0     0     0   102     0     0     0     0     0    90     0     0   106     0     0     0     0     0     0     0     0     0     0     0     0     0     0
     0     0    93   120     0     0     0    90     0     0    90     0     0     0     0     0     0     0    97     0     0     0     0     0     0     0     0     0     0
     0     0     0     0     0     0     0     0     0     0     0     0     0     0     0     0     0     0     0     0     0     0     0     0     0     0    84     0     0
     0     0   118     0     0     0     0     0     0     0     0     0     0     0     0     0     0     0     0    84     0    98     0     0     0     0     0     0     0
     0     0     0     0     0     0     0     0   101     0   106     0     0     0     0     0     0     0     0     0     0     0     0     0     0     0     0     0     0
     0     0     0     0     0   100     0     0     0     0     0     0     0     0     0     0     0    95     0     0     0     0     0     0     0     0     0     0     0
     0     0     0     0     0     0     0     0     0     0     0     0     0     0     0     0     0     0     0     0     0     0     0     0   113     0     0   115   107
     0     0     0     0     0     0     0     0     0     0     0     0     0     0     0    95     0     0     0     0     0     0     0     0     0     0     0     0     0
     0     0     0     0     0     0     0     0     0     0     0    97     0     0     0     0     0     0     0     0     0     0     0     0     0     0     0     0    87
     0     0     0     0    81     0     0    92     0     0     0     0     0    84     0     0     0     0     0     0     0     0     0     0     0     0     0     0     0
     0    90   109     0    82     0     0     0   107     0     0     0     0     0     0     0     0     0     0     0     0     0   114    98     0     0     0     0     0
     0     0     0     0     0     0    83     0   114     0     0     0     0    98     0     0     0     0     0     0     0     0     0     0    91     0     0     0     0
     0     0     0     0     0    92    90     0     0   113     0     0     0     0     0     0     0     0     0     0   114     0     0     0     0     0     0   116     0
     0     0     0     0     0     0     0     0   111     0     0     0     0     0     0     0     0     0     0     0    98     0     0     0     0     0     0     0     0
     0     0     0     0     0     0     0     0     0     0     0     0     0     0     0     0   113     0     0     0     0    91     0     0     0     0     0     0     0
     0     0     0     0     0    92     0     0     0     0     0     0     0     0     0     0     0     0     0     0     0     0     0     0     0     0     0     0     0
     0     0     0     0     0     0     0     0     0     0     0     0    84     0     0     0     0     0     0     0     0     0     0     0     0     0     0    99     0
     0     0     0     0     0   110     0     0     0     0     0     0     0     0     0     0   115     0     0     0     0     0   116     0     0     0    99     0     0
    89     0     0     0     0     0     0     0     0     0     0     0     0     0     0     0   107     0    87     0     0     0     0     0     0     0     0     0     0
