30
     0     0     0   104     0     0     0     0     0     0   102     0     0     0    91     0     0     0     0     0     0     0     0     0     0     0     0     0     0     0
     0     0   107    84     0     0     0     0     0     0     0     0     0     0     0     0     0     0     0     0     0   104     0     0   103     0     0   105     0     0
     0   107     0     0     0     0     0     0     0     0     0    94    95     0     0     0     0     0     0     0     0     0     0     0    93     0     0     0    90     0
   104    84     0     0     0     0     0   114     0     0     0     0     0     0     0    96     0     0    97     0     0     0     0     0     0     0     0     0     0     0
     0     0     0     0     0     0   103    85     0     0     0     0     0     0     0     0     0     0     0     0   119     0     0     0     0    90     0   118     0     0
     0     0     0     0     0     0   116     0   111     0     0     0     0     0    93     0     0     0   103     0     0     0     0     0     0     0   116     0     0     0
     0     0     0     0   103   116     0    93     0     0     0     0     0   114     0     0     0     0     0     0     0     0     0     0     0     0     0     0     0     0
     0     0     0   114    85     0    93     0     0    97   103     0     0     0     0     0     0     0     0     0     0     0     0     0     0     0     0     0     0     0
     0     0     0     0     0   111     0     0     0     0     0    97     0     0     0     0     0     0     0     0     0   114     0     0     0     0     0     0     0     0
     0     0     0     0     0     0     0    97     0     0     0     0     0     0     0     0     0     0     0    88    80     0     0     0     0     0     0     0     0    87
   102     0     0     0     0     0     0   103     0     0     0     0     0     0     0     0     0     0     0     0     0     0     0     0     0     0     0     0   118     0
     0     0    94     0     0     0     0     0    97     0     0     0     0     0     0     0     0    86     0     0     0     0   111     0     0     0   100     0   112     0
     0     0    95     0     0     0     0     0     0     0     0     0     0     0     0     0     0     0    84     0     0     0     0     0     0     0     0     0     0     0
     0     0     0     0     0     0   114     0     0     0     0     0     0     0     0   115     0     0     0     0     0     0     0    84     0     0     0    96     0     0
    91     0     0     0     0    93     0     0     0     0     0     0     0     0     0   108     0     0     0     0     0     0   103     0     0     0     0     0     0     0
     0     0     0    96     0     0     0     0     0     0     0     0     0   115   108     0     0     0     0     0   113     0     0     0     0     0     0     0     0     0
     0     0     0     0     0     0     0     0     0     0     0     0     0     0     0     0     0     0     0    92     0     0     0     0     0   110     0     0   112     0
     0     0     0     0     0     0     0     0     0     0     0    86     0     0     0     0     0     0     0     0     0     0   103   107   107     0     0     0     0    95
     0     0     0    97     0   103     0     0     0     0     0     0    84     0     0     0     0     0     0     0     0     0     0     0     0     0     0   120     0     0
     0     0     0     0     0     0     0     0     0    88     0     0     0     0     0     0    92     0     0     0     0     0     0     0     0     0     0     0     0     0
     0     0     0     0   119     0     0     0     0    80     0     0     0     0     0   113     0     0     0     0     0     0     0    92    92    92     0     0     0     0
     0   104     0     0     0     0     0     0   114     0     0     0     0     0     0     0     0     0     0     0     0     0     0     0     0     0     0     0    85     0
     0     0     0     0     0     0     0     0     0     0     0   111     0     0   103     0     0   103     0     0     0     0     0     0     0     0     0     0     0     0
     0     0     0     0     0     0     0     0     0     0     0     0     0    84     0     0     0   107     0     0    92     0     0     0     0   109     0   118     0     0
     0   103    93     0     0     0     0     0     0     0     0     0     0     0     0     0     0   107     0     0    92     0     0     0     0     0     0     0     0     0
     0     0     0     0    90     0     0     0     0     0     0     0     0     0     0     0   110     0     0     0    92     0     0   109     0     0     0     0     0     0
     0     0     0     0     0   116     0     0     0     0     0   100     0     0     0     0     0     0     0     0     0     0     0     0     0     0     0     0     0     0
     0   105     0     0   118     0     0     0     0     0     0     0     0    96     0     0     0     0   120     0     0     0     0   118     0     0     0     0     0     0
     0     0    90     0     0     0     0     0     0     0   118   112     0     0     0     0   112     0     0     0     0    85     0     0     0     0     0     0     0     0
     0     0     0     0     0     0     0     0     0    87     0     0     0     0     0     0     0    95     0     0     0     0     0     0     0     0     0     0     0     0
