30
     0     0     0    95     0     0    90     0     0     0     0     0    86     0     0    85     0     0     0   106     0     0     0     0     0     0     0   108   103     0
     0     0     0    95     0     0     0     0   109     0   102     0     0   118     0     0     0     0   120     0     0     0     0     0   105     0     0     0     0   103
     0     0     0     0     0     0     0     0     0     0     0     0     0     0     0     0     0     0   113     0     0     0     0     0     0     0     0     0     0     0
    95    95     0     0     0     0     0     0     0     0   101     0     0     0     0     0   111     0     0     0     0     0     0     0     0     0     0     0     0   117
     0     0     0     0     0     0     0     0     0     0   108     0     0   107     0     0   114     0     0     0     0     0     0     0     0     0     0     0     0     0
     0     0     0     0     0     0     0     0     0   109     0     0    84    86     0     0     0     0     0   119     0    95    97     0     0     0     0   102     0     0
    90     0     0     0     0     0     0     0     0     0     0     0     0     0     0     0     0     0     0     0     0     0     0     0     0     0   114     0     0     0
     0     0     0     0     0     0     0     0     0     0     0     0     0     0     0     0    93     0     0     0     0     0     0   106    89     0     0     0     0     0
     0   109     0     0     0     0     0     0     0     0     0     0     0     0     0     0     0   105     0     0     0     0     0     0     0     0   113     0     0    96
     0     0     0     0     0   109     0     0     0     0    90     0   100     0     0     0     0     0     0    80     0     0     0     0   108     0     0     0    88   102
     0   102     0   101   108     0     0     0     0    90     0     0     0     0     0     0     0     0     0     0     0   105     0     0     0     0    89     0    86    87
     0     0     0     0     0     0     0     0     0     0     0     0     0     0    82     0     0   108     0     0     0     0     0     0     0     0     0     0    80     0
    86     0     0     0     0    84     0     0     0   100     0     0     0     0     0     0   119     0     0     0     0     0     0    97   107     0     0     0     0     0
     0   118     0     0   107    86     0     0     0     0     0     0     0     0     0   114     0     0     0     0     0     0     0     0    86     0     0   111   120     0
     0     0     0     0     0     0     0     0     0     0     0    82     0     0     0     0    84     0     0    87     0     0     0     0     0     0     0     0     0     0
    85     0     0     0     0     0     0     0     0     0     0     0     0   114     0     0     0     0     0     0     0    97   106     0     0     0     0     0     0     0
     0     0     0   111   114     0     0    93     0     0     0     0   119     0    84     0     0     0    83     0     0     0     0   112     0     0    92     0     0    94
     0     0     0     0     0     0     0     0   105     0     0   108     0     0     0     0     0     0     0     0     0     0     0     0    97     0     0     0     0    86
     0   120   113     0     0     0     0     0     0     0     0     0     0     0     0     0    83     0     0     0     0     0     0     0     0     0     0     0     0     0
   106     0     0     0     0   119     0     0     0    80     0     0     0     0    87     0     0     0     0     0     0     0     0   110     0     0     0     0     0     0
     0     0     0     0     0     0     0     0     0     0     0     0     0     0     0     0     0     0     0     0     0     0     0   109     0     0     0     0     0     0
     0     0     0     0     0    95     0     0     0     0   105     0     0     0     0    97     0     0     0     0     0     0     0   108     0     0     0     0     0     0
     0     0     0     0     0    97     0     0     0     0     0     0     0     0     0   106     0     0     0     0     0     0     0   113     0     0     0     0     0    98
     0     0     0     0     0     0     0   106     0     0     0     0    97     0     0     0   112     0     0   110   109   108   113     0     0     0     0     0     0     0
     0   105     0     0     0     0     0    89     0   108     0     0   107    86     0     0     0    97     0     0     0     0     0     0     0     0     0     0     0     0
     0     0     0     0     0     0     0     0     0     0     0     0     0     0     0     0     0     0     0     0     0     0     0     0     0     0     0     0   118     0
     0     0     0     0     0     0   114     0   113     0    89     0     0     0     0     0    92     0     0     0     0     0     0     0     0     0     0     0    94    83
   108     0     0     0     0   102     0     0     0     0     0     0     0   111     0     0     0     0     0     0     0     0     0     0     0     0     0     0    87     0
   103     0     0     0     0     0     0     0     0    88    86    80     0   120     0     0     0     0     0     0     0     0     0     0     0   118    94    87     0   101
     0   103     0   117     0     0     0     0    96   102    87     0     0     0     0     0    94    86     0     0     0     0    98     0     0     0    83     0   101     0
