32
     0     0     0     0     0     0     0     0     0     0     0     0     0     0     0     0     0     0     0     0     0     0     0     0     0     0     0    90     0    84     0    96
     0     0     0     0     0     0     0     0     0     0     0    84   108     0     0     0     0     0     0     0     0     0     0     0     0     0     0     0     0     0     0     0
     0     0     0     0     0     0     0     0     0     0     0     0     0     0     0    82     0     0     0     0     0     0     0     0     0     0     0     0     0     0     0     0
     0     0     0     0     0   110     0     0     0     0     0     0     0     0     0     0     0     0     0     0     0     0     0     0     0     0     0     0     0     0     0    97
     0     0     0     0     0     0     0     0     0     0     0     0     0     0     0   103     0     0     0   102     0     0     0     0     0   103     0     0     0     0     0   113
     0     0     0   110     0     0     0     0   118     0     0     0   104     0     0     0     0     0     0     0     0     0     0     0    97     0     0    83     0     0     0     0
     0     0     0     0     0     0     0     0     0     0    95   106     0     0     0     0     0     0   115     0     0     0     0     0     0     0     0     0     0     0     0     0
     0     0     0     0     0     0     0     0     0     0   118     0     0     0     0     0    89     0     0     0     0     0     0   106     0     0     0   110     0     0     0     0
     0     0     0     0     0   118     0     0     0     0     0     0     0     0     0     0     0     0     0     0     0     0     0     0     0     0     0     0     0     0     0     0
     0     0     0     0     0     0     0     0     0     0     0     0     0     0     0     0     0     0     0     0     0    87     0   114     0     0     0     0     0     0     0     0
     0     0     0     0     0     0    95   118     0     0     0     0     0     0     0     0     0     0     0     0     0   111     0     0   114     0     0     0     0     0     0     0
     0    84     0     0     0     0   106     0     0     0     0     0     0   120     0     0     0     0    95    86     0     0     0     0     0     0     0     0     0     0     0     0
     0   108     0     0     0   104     0     0     0     0     0     0     0     0     0     0     0     0     0     0     0    91     0     0     0     0     0     0   108     0     0    90
     0     0     0     0     0     0     0     0     0     0     0   120     0     0     0     0     0     0     0     0     0     0     0     0   110     0     0     0     0     0     0     0
     0     0     0     0     0     0     0     0     0     0     0     0     0     0     0     0     0   112     0     0     0     0     0     0   118     0     0     0     0     0     0     0
     0     0    82     0   103     0     0     0     0     0     0     0     0     0     0     0     0     0     0     0   112     0     0     0     0     0   102     0     0     0     0     0
     0     0     0     0     0     0     0    89     0     0     0     0     0     0     0     0     0     0     0     0     0     0     0     0     0     0     0     0     0     0    96     0
     0     0     0     0     0     0     0     0     0     0     0     0     0     0   112     0     0     0     0     0     0     0     0     0     0     0     0     0     0     0     0     0
     0     0     0     0     0     0   115     0     0     0     0    95     0     0     0     0     0     0     0    96     0     0     0     0     0     0     0     0     0     0     0     0
     0     0     0     0   102     0     0     0     0     0     0    86     0     0     0     0     0     0    96     0     0     0     0     0     0     0     0     0    85     0     0     0
     0     0     0     0     0     0     0     0     0     0     0     0     0     0     0   112     0     0     0     0     0     0     0     0     0     0    81     0     0     0     0     0
     0     0     0     0     0     0     0     0     0    87   111     0    91     0     0     0     0     0     0     0     0     0    90     0     0     0     0     0     0     0     0     0
     0     0     0     0     0     0     0     0     0     0     0     0     0     0     0     0     0     0     0     0     0    90     0    82     0     0     0     0   105   108     0     0
     0     0     0     0     0     0     0   106     0   114     0     0     0     0     0     0     0     0     0     0     0     0    82     0     0     0     0     0     0     0     0     0
     0     0     0     0     0    97     0     0     0     0   114     0     0   110   118     0     0     0     0     0     0     0     0     0     0     0     0     0     0     0     0     0
     0     0     0     0   103     0     0     0     0     0     0     0     0     0     0     0     0     0     0     0     0     0     0     0     0     0     0     0     0     0     0     0
     0     0     0     0     0     0     0     0     0     0     0     0     0     0     0   102     0     0     0     0    81     0     0     0     0     0     0     0     0    85     0     0
    90     0     0     0     0    83     0   110     0     0     0     0     0     0     0     0     0     0     0     0     0     0     0     0     0     0     0     0     0     0     0     0
     0     0     0     0     0     0     0     0     0     0     0     0   108     0     0     0     0     0     0    85     0     0   105     0     0     0     0     0     0     0    81     0
    84     0     0     0     0     0     0     0     0     0     0     0     0     0     0     0     0     0     0     0     0     0   108     0     0     0    85     0     0     0     0     0
     0     0     0     0     0     0     0     0     0     0     0     0     0     0     0     0    96     0     0     0     0     0     0     0     0     0     0     0    81     0     0     0
    96     0     0    97   113     0     0     0     0     0     0     0    90     0     0     0     0     0     0     0     0     0     0     0     0     0     0     0     0     0     0     0
