32
     0     0     0     0     0   118   118     0     0     0     0     0     0     0     0     0     0     0     0     0     0     0     0     0    90     0     0     0     0   117     0     0
     0     0     0     0    90   120     0     0     0     0     0    95     0     0     0   114     0     0     0     0     0     0     0     0     0   101     0     0     0     0    92    81
     0     0     0     0     0     0     0     0   104     0    85     0     0     0     0   111     0     0     0     0     0     0     0    95     0     0     0   108     0    94     0     0
     0     0     0     0     0     0   106     0     0     0     0     0     0     0    80     0    98     0     0     0     0     0     0     0     0    80     0    96     0     0     0     0
     0    90     0     0     0    82    85     0     0     0     0     0     0     0    86     0     0     0   107     0     0     0     0     0     0     0     0     0     0     0     0   109
   118   120     0     0    82     0     0     0     0    89     0     0     0     0     0     0     0     0     0     0     0     0     0     0     0     0     0     0     0     0     0     0
   118     0     0   106    85     0     0     0     0     0     0     0     0     0     0     0     0    84     0     0     0   106     0     0     0     0     0     0     0     0     0     0
     0     0     0     0     0     0     0     0     0     0     0     0     0    87     0     0    82     0     0     0     0     0     0     0     0     0     0     0     0     0     0     0
     0     0   104     0     0     0     0     0     0     0   104     0    98     0     0     0     0     0     0    80     0     0     0     0   116    99     0     0     0     0     0     0
     0     0     0     0     0    89     0     0     0     0     0     0     0     0     0     0     0     0     0    95     0     0     0     0     0   110     0     0     0   120     0     0
     0     0    85     0     0     0     0     0   104     0     0     0     0     0     0     0     0     0   107     0     0     0     0     0     0     0     0   111     0     0     0     0
     0    95     0     0     0     0     0     0     0     0     0     0     0     0     0     0     0     0     0     0     0     0     0     0     0     0     0     0   106     0     0     0
     0     0     0     0     0     0     0     0    98     0     0     0     0     0     0     0     0     0     0   115     0     0     0     0     0     0     0     0     0     0     0     0
     0     0     0     0     0     0     0    87     0     0     0     0     0     0     0     0     0     0   101     0     0    82     0     0     0     0   104     0     0     0     0     0
     0     0     0    80    86     0     0     0     0     0     0     0     0     0     0     0     0     0     0     0     0     0   117     0   109     0     0     0     0     0     0   104
     0   114   111     0     0     0     0     0     0     0     0     0     0     0     0     0    96     0     0     0     0     0     0   111     0     0     0     0     0     0   120     0
     0     0     0    98     0     0     0    82     0     0     0     0     0     0     0    96     0     0     0     0     0     0     0     0     0    99     0   116     0     0     0     0
     0     0     0     0     0     0    84     0     0     0     0     0     0     0     0     0     0     0    85     0     0     0     0     0     0     0     0    85     0     0     0     0
     0     0     0     0   107     0     0     0     0     0   107     0     0   101     0     0     0    85     0     0     0     0     0   106     0     0     0     0     0     0     0     0
     0     0     0     0     0     0     0     0    80    95     0     0   115     0     0     0     0     0     0     0     0     0     0     0     0     0     0     0     0     0     0     0
     0     0     0     0     0     0     0     0     0     0     0     0     0     0     0     0     0     0     0     0     0     0     0     0     0     0     0    97     0     0     0     0
     0     0     0     0     0     0   106     0     0     0     0     0     0    82     0     0     0     0     0     0     0     0     0     0     0     0     0     0     0     0     0     0
     0     0     0     0     0     0     0     0     0     0     0     0     0     0   117     0     0     0     0     0     0     0     0     0     0     0     0     0    89     0     0     0
     0     0    95     0     0     0     0     0     0     0     0     0     0     0     0   111     0     0   106     0     0     0     0     0     0     0     0     0     0     0     0     0
    90     0     0     0     0     0     0     0   116     0     0     0     0     0   109     0     0     0     0     0     0     0     0     0     0     0     0     0     0     0     0     0
     0   101     0    80     0     0     0     0    99   110     0     0     0     0     0     0    99     0     0     0     0     0     0     0     0     0    91     0     0     0   104     0
     0     0     0     0     0     0     0     0     0     0     0     0     0   104     0     0     0     0     0     0     0     0     0     0     0    91     0     0     0     0     0     0
     0     0   108    96     0     0     0     0     0     0   111     0     0     0     0     0   116    85     0     0    97     0     0     0     0     0     0     0     0    93     0     0
     0     0     0     0     0     0     0     0     0     0     0   106     0     0     0     0     0     0     0     0     0     0    89     0     0     0     0     0     0     0     0     0
   117     0    94     0     0     0     0     0     0   120     0     0     0     0     0     0     0     0     0     0     0     0     0     0     0     0     0    93     0     0     0   117
     0    92     0     0     0     0     0     0     0     0     0     0     0     0     0   120     0     0     0     0     0     0     0     0     0   104     0     0     0     0     0     0
     0    81     0     0   109     0     0     0     0     0     0     0     0     0   104     0     0     0     0     0     0     0     0     0     0     0     0     0     0   117     0     0
