32
     0     0     0     0    95     0     0     0     0     0     0    91     0     0     0     0     0     0    93     0     0     0     0     0     0   101     0     0     0     0     0     0
     0     0     0     0     0    89     0     0     0     0     0   112     0    96     0   104     0     0     0     0     0     0     0     0     0     0     0     0     0     0   101   118
     0     0     0   100     0     0   109     0   109     0   115     0     0     0     0    98     0   107     0    99     0     0     0     0     0     0     0    83     0    83     0     0
     0     0   100     0     0     0     0    98     0   109     0     0     0     0    95     0    81     0     0     0     0     0    99     0     0    92     0     0   113     0     0     0
    95     0     0     0     0    92   112     0     0     0     0     0   100     0     0     0     0     0    80     0     0     0     0     0     0     0     0     0     0     0     0    94
     0    89     0     0    92     0     0     0     0   117     0    91     0   107     0     0     0     0     0     0     0     0     0     0     0     0    97     0     0     0     0   102
     0     0   109     0   112     0     0     0     0     0   100     0     0     0     0     0     0     0     0     0     0   115     0     0     0     0     0     0     0     0    87     0
     0     0     0    98     0     0     0     0     0     0     0     0     0     0     0     0    83     0     0     0     0     0     0     0     0     0     0     0     0     0     0     0
     0     0   109     0     0     0     0     0     0     0   114     0     0     0     0     0   108     0     0     0     0     0     0     0     0   112     0     0     0     0   102     0
     0     0     0   109     0   117     0     0     0     0     0     0     0     0     0     0     0     0     0     0     0     0   104    89     0     0     0     0     0    91     0     0
     0     0   115     0     0     0   100     0   114     0     0     0     0     0     0     0     0     0     0     0     0     0     0    84     0     0     0    94     0     0     0     0
    91   112     0     0     0    91     0     0     0     0     0     0     0    94     0     0     0     0     0     0     0     0     0     0     0     0     0     0   103     0     0     0
     0     0     0     0   100     0     0     0     0     0     0     0     0     0     0     0     0     0     0     0    83     0     0   111     0     0     0     0     0     0     0   104
     0    96     0     0     0   107     0     0     0     0     0    94     0     0     0     0   104     0     0    83     0    96     0     0     0     0   116     0     0     0     0     0
     0     0     0    95     0     0     0     0     0     0     0     0     0     0     0     0     0     0     0     0     0     0   117     0   118     0     0     0     0     0   118    90
     0   104    98     0     0     0     0     0     0     0     0     0     0     0     0     0     0     0     0     0     0     0     0   117    90   120     0     0     0     0     0     0
     0     0     0    81     0     0     0    83   108     0     0     0     0   104     0     0     0     0     0    95     0     0     0   114     0     0     0   101     0     0     0     0
     0     0   107     0     0     0     0     0     0     0     0     0     0     0     0     0     0     0     0     0     0    92     0     0     0     0     0    81     0     0     0     0
    93     0     0     0    80     0     0     0     0     0     0     0     0     0     0     0     0     0     0     0     0     0     0     0     0     0     0     0     0     0     0     0
     0     0    99     0     0     0     0     0     0     0     0     0     0    83     0     0    95     0     0     0     0     0     0     0     0     0     0     0     0     0     0     0
     0     0     0     0     0     0     0     0     0     0     0     0    83     0     0     0     0     0     0     0     0   104     0     0     0     0     0     0     0     0     0     0
     0     0     0     0     0     0   115     0     0     0     0     0     0    96     0     0     0    92     0     0   104     0     0     0     0    85     0     0     0   111     0     0
     0     0     0    99     0     0     0     0     0   104     0     0     0     0   117     0     0     0     0     0     0     0     0     0     0    95     0     0     0     0     0     0
     0     0     0     0     0     0     0     0     0    89    84     0   111     0     0   117   114     0     0     0     0     0     0     0     0     0     0     0   108     0     0    94
     0     0     0     0     0     0     0     0     0     0     0     0     0     0   118    90     0     0     0     0     0     0     0     0     0     0     0     0     0     0     0   106
   101     0     0    92     0     0     0     0   112     0     0     0     0     0     0   120     0     0     0     0     0    85    95     0     0     0     0     0     0     0     0     0
     0     0     0     0     0    97     0     0     0     0     0     0     0   116     0     0     0     0     0     0     0     0     0     0     0     0     0     0     0     0    80     0
     0     0    83     0     0     0     0     0     0     0    94     0     0     0     0     0   101    81     0     0     0     0     0     0     0     0     0     0     0     0     0     0
     0     0     0   113     0     0     0     0     0     0     0   103     0     0     0     0     0     0     0     0     0     0     0   108     0     0     0     0     0     0     0     0
     0     0    83     0     0     0     0     0     0    91     0     0     0     0     0     0     0     0     0     0     0   111     0     0     0     0     0     0     0     0    98    80
     0   101     0     0     0     0    87     0   102     0     0     0     0     0   118     0     0     0     0     0     0     0     0     0     0     0    80     0     0    98     0     0
     0   118     0     0    94   102     0     0     0     0     0     0   104     0    90     0     0     0     0     0     0     0     0    94   106     0     0     0     0    80     0     0
