34
     0    83     0     0     0     0     0     0     0     0     0     0     0     0    83     0     0     0    98     0   109     0    95     0     0     0     0    81     0     0     0     0     0    99
    83     0     0     0     0     0     0     0     0     0     0     0     0     0     0     0     0     0     0     0     0     0     0     0     0     0     0     0     0     0    92     0     0     0
     0     0     0     0     0     0     0     0     0     0     0     0     0     0   113     0     0     0     0     0     0     0     0     0     0     0     0     0     0    92     0     0     0   112
     0     0     0     0   100     0     0     0    80     0     0    94     0     0     0     0   117     0     0     0     0     0     0     0     0     0     0     0     0     0     0    91     0     0
     0     0     0   100     0     0     0   107     0     0    97     0   102     0     0     0     0     0     0     0     0     0     0     0     0     0     0     0     0     0     0     0     0     0
     0     0     0     0     0     0     0     0     0     0     0     0     0     0     0     0     0     0     0     0     0     0   100     0     0     0     0     0     0   115     0     0     0     0
     0     0     0     0     0     0     0    87     0     0     0     0     0    83     0     0     0     0     0     0   114   108     0     0     0     0     0     0     0     0     0   112     0     0
     0     0     0     0   107     0    87     0     0     0     0     0     0   102     0     0     0     0     0     0     0     0   104     0     0     0     0     0     0     0     0     0     0     0
     0     0     0    80     0     0     0     0     0    89     0     0    91     0     0     0     0     0     0     0     0     0     0     0     0     0     0     0     0     0     0    84     0     0
     0     0     0     0     0     0     0     0    89     0     0     0     0     0     0     0     0    94     0     0    94   103     0     0    83   111   104     0     0     0     0     0     0     0
     0     0     0     0    97     0     0     0     0     0     0     0     0     0   104     0    83     0     0     0     0     0     0     0     0     0     0     0    96     0     0     0     0     0
     0     0     0    94     0     0     0     0     0     0     0     0   116     0     0     0     0   117     0     0     0     0     0     0     0     0     0     0     0     0   118     0     0   118
     0     0     0     0   102     0     0     0    91     0     0   116     0     0     0     0    90     0     0   117     0     0     0     0     0     0    90     0     0     0     0     0     0     0
     0     0     0     0     0     0    83   102     0     0     0     0     0     0     0     0     0     0     0     0   120     0     0     0     0     0     0    95     0     0     0     0     0     0
    83     0   113     0     0     0     0     0     0     0   104     0     0     0     0     0     0     0     0     0     0     0     0     0   114     0     0     0     0     0     0     0     0     0
     0     0     0     0     0     0     0     0     0     0     0     0     0     0     0     0     0     0     0     0     0     0   101    92     0    81     0     0     0     0     0   104    85     0
     0     0     0   117     0     0     0     0     0     0    83     0    90     0     0     0     0     0     0     0     0     0     0     0     0     0     0     0     0     0     0     0     0     0
     0     0     0     0     0     0     0     0     0    94     0   117     0     0     0     0     0     0     0     0     0   111    95     0   108     0     0     0     0     0     0    94     0     0
    98     0     0     0     0     0     0     0     0     0     0     0     0     0     0     0     0     0     0     0     0     0     0     0     0     0   106     0     0     0    80     0     0    98
     0     0     0     0     0     0     0     0     0     0     0     0   117     0     0     0     0     0     0     0     0     0     0     0     0     0     0     0    80     0     0     0     0     0
   109     0     0     0     0     0   114     0     0    94     0     0     0   120     0     0     0     0     0     0     0     0     0    96     0     0     0     0     0     0     0     0     0     0
     0     0     0     0     0     0   108     0     0   103     0     0     0     0     0     0     0   111     0     0     0     0     0     0     0     0     0     0     0     0     0     0     0     0
    95     0     0     0     0   100     0   104     0     0     0     0     0     0     0   101     0    95     0     0     0     0     0    82    85     0     0     0     0    86   107   109     0     0
     0     0     0     0     0     0     0     0     0     0     0     0     0     0     0    92     0     0     0     0    96     0    82     0     0    89     0    84   106    87    82     0     0     0
     0     0     0     0     0     0     0     0     0    83     0     0     0     0   114     0     0   108     0     0     0     0    85     0     0     0     0   104     0     0     0     0    98     0
     0     0     0     0     0     0     0     0     0   111     0     0     0     0     0    81     0     0     0     0     0     0     0    89     0     0     0     0     0    80     0   116    99     0
     0     0     0     0     0     0     0     0     0   104     0     0    90     0     0     0     0     0   106     0     0     0     0     0     0     0     0     0     0     0     0     0     0     0
    81     0     0     0     0     0     0     0     0     0     0     0     0    95     0     0     0     0     0     0     0     0     0    84   104     0     0     0    95     0     0     0     0     0
     0     0     0     0     0     0     0     0     0     0    96     0     0     0     0     0     0     0     0    80     0     0     0   106     0     0     0    95     0   110   120     0     0     0
     0     0    92     0     0   115     0     0     0     0     0     0     0     0     0     0     0     0     0     0     0     0    86    87     0    80     0     0   110     0   107   111     0     0
     0    92     0     0     0     0     0     0     0     0     0   118     0     0     0     0     0     0    80     0     0     0   107    82     0     0     0     0   120   107     0     0     0   106
     0     0     0    91     0     0   112     0    84     0     0     0     0     0     0   104     0    94     0     0     0     0   109     0     0   116     0     0     0   111     0     0     0     0
     0     0     0     0     0     0     0     0     0     0     0     0     0     0     0    85     0     0     0     0     0     0     0     0    98    99     0     0     0     0     0     0     0     0
    99     0   112     0     0     0     0     0     0     0     0   118     0     0     0     0     0     0    98     0     0     0     0     0     0     0     0     0     0     0   106     0     0     0
