35
     0     0     0     0     0     0     0     0     0     0    88    83     0    87   114     0   116     0     0   120     0     0     0     0     0     0     0     0     0     0     0     0     0     0     0
     0     0     0     0     0     0     0     0     0     0     0     0     0    98     0    92     0     0     0     0     0     0     0     0     0     0     0     0     0    89    91     0     0     0     0
     0     0     0     0     0     0     0     0    89   102     0     0     0     0     0     0     0     0     0     0     0     0     0    97     0     0     0     0     0     0     0     0   115     0     0
     0     0     0     0     0     0     0     0    84     0     0     0     0     0     0    95     0     0     0     0    90     0     0     0     0     0     0     0     0     0     0     0     0     0    86
     0     0     0     0     0     0     0     0     0     0     0    85     0   106     0     0     0   108     0     0     0     0   103     0     0    95     0     0     0     0     0     0     0     0     0
     0     0     0     0     0     0     0     0     0     0     0     0     0     0     0     0     0     0     0     0     0     0   109     0   102     0   118     0     0     0     0     0   120     0     0
     0     0     0     0     0     0     0     0     0     0     0     0     0     0     0     0     0     0   105     0     0     0     0     0     0     0     0   103     0     0     0     0     0     0     0
     0     0     0     0     0     0     0     0     0     0     0     0     0     0     0     0     0     0   113     0     0     0     0     0     0     0     0     0     0   101     0     0     0     0     0
     0     0    89    84     0     0     0     0     0   111     0     0     0     0     0     0     0     0     0     0     0     0   117     0     0     0     0     0     0     0   108     0     0     0   107
     0     0   102     0     0     0     0     0   111     0     0     0     0     0     0     0     0     0     0     0     0     0     0     0     0     0     0     0     0     0     0   114   109     0     0
    88     0     0     0     0     0     0     0     0     0     0     0     0     0     0     0     0     0     0     0     0     0     0     0     0     0     0     0     0     0     0     0     0     0     0
    83     0     0     0    85     0     0     0     0     0     0     0     0     0     0     0    84     0     0     0     0     0     0     0     0     0     0     0     0     0     0     0     0     0     0
     0     0     0     0     0     0     0     0     0     0     0     0     0     0     0     0     0     0     0     0     0    86     0     0     0     0     0     0     0     0     0     0     0     0     0
    87    98     0     0   106     0     0     0     0     0     0     0     0     0     0   119     0     0     0     0     0     0     0     0     0     0    95     0     0    97     0     0     0     0     0
   114     0     0     0     0     0     0     0     0     0     0     0     0     0     0     0   102     0     0     0     0     0     0   114    93     0   106     0     0    89   105     0     0     0     0
     0    92     0    95     0     0     0     0     0     0     0     0     0   119     0     0     0     0     0   113     0     0     0     0     0     0     0     0    96     0     0     0     0     0     0
   116     0     0     0     0     0     0     0     0     0     0    84     0     0   102     0     0     0    90     0     0     0     0     0     0     0     0     0     0     0     0   100     0     0     0
     0     0     0     0   108     0     0     0     0     0     0     0     0     0     0     0     0     0     0     0     0     0     0     0     0     0     0     0     0     0     0    80     0     0     0
     0     0     0     0     0     0   105   113     0     0     0     0     0     0     0     0    90     0     0   108     0    88     0     0     0     0     0     0     0     0     0     0     0     0   102
   120     0     0     0     0     0     0     0     0     0     0     0     0     0     0   113     0     0   108     0     0     0     0     0     0     0     0     0   105     0     0    89     0     0     0
     0     0     0    90     0     0     0     0     0     0     0     0     0     0     0     0     0     0     0     0     0     0     0    86    87     0     0     0     0     0     0     0     0     0     0
     0     0     0     0     0     0     0     0     0     0     0     0    86     0     0     0     0     0    88     0     0     0     0     0     0     0     0     0    82     0     0     0     0     0     0
     0     0     0     0   103   109     0     0   117     0     0     0     0     0     0     0     0     0     0     0     0     0     0     0     0     0     0     0   108    80     0     0     0     0     0
     0     0    97     0     0     0     0     0     0     0     0     0     0     0   114     0     0     0     0     0    86     0     0     0     0     0     0     0     0   119     0     0     0     0    97
     0     0     0     0     0   102     0     0     0     0     0     0     0     0    93     0     0     0     0     0    87     0     0     0     0     0     0     0     0     0     0     0     0   107     0
     0     0     0     0    95     0     0     0     0     0     0     0     0     0     0     0     0     0     0     0     0     0     0     0     0     0     0   114     0     0     0     0     0     0     0
     0     0     0     0     0   118     0     0     0     0     0     0     0    95   106     0     0     0     0     0     0     0     0     0     0     0     0     0    86     0     0     0     0     0     0
     0     0     0     0     0     0   103     0     0     0     0     0     0     0     0     0     0     0     0     0     0     0     0     0     0   114     0     0     0     0     0   111     0     0     0
     0     0     0     0     0     0     0     0     0     0     0     0     0     0     0    96     0     0     0   105     0    82   108     0     0     0    86     0     0     0     0     0     0     0     0
     0    89     0     0     0     0     0   101     0     0     0     0     0    97    89     0     0     0     0     0     0     0    80   119     0     0     0     0     0     0     0     0     0     0     0
     0    91     0     0     0     0     0     0   108     0     0     0     0     0   105     0     0     0     0     0     0     0     0     0     0     0     0     0     0     0     0     0     0     0     0
     0     0     0     0     0     0     0     0     0   114     0     0     0     0     0     0   100    80     0    89     0     0     0     0     0     0     0   111     0     0     0     0     0   120     0
     0     0   115     0     0   120     0     0     0   109     0     0     0     0     0     0     0     0     0     0     0     0     0     0     0     0     0     0     0     0     0     0     0     0     0
     0     0     0     0     0     0     0     0     0     0     0     0     0     0     0     0     0     0     0     0     0     0     0     0   107     0     0     0     0     0     0   120     0     0     0
     0     0     0    86     0     0     0     0   107     0     0     0     0     0     0     0     0     0   102     0     0     0     0    97     0     0     0     0     0     0     0     0     0     0     0
