35
     0     0     0     0     0     0     0     0     0     0   109    84     0    86   119     0    95     0     0    97     0     0     0     0     0     0     0     0     0     0     0     0     0     0     0
     0     0     0     0     0     0     0     0     0     0     0     0     0   102     0   114     0     0     0     0     0     0     0     0     0     0     0     0     0    93   106     0     0     0     0
     0     0     0     0     0     0     0     0    89   105     0     0     0     0     0     0     0     0     0     0     0     0     0   113     0     0     0     0     0     0     0     0    96     0     0
     0     0     0     0     0     0     0     0    90     0     0     0     0     0     0   100     0     0     0     0    80     0     0     0     0     0     0     0     0     0     0     0     0     0   108
     0     0     0     0     0     0     0     0     0     0     0    88     0   102     0     0     0   105     0     0     0    89    86     0     0    87    82     0     0     0     0     0     0     0     0
     0     0     0     0     0     0     0     0     0     0     0     0     0     0     0     0     0     0     0     0     0     0   108     0    80     0   119    97     0     0     0     0   107     0     0
     0     0     0     0     0     0     0     0     0     0     0     0     0   114    86     0     0     0   111     0     0   120     0     0     0     0     0    84     0     0     0     0     0     0     0
     0     0     0     0     0     0     0     0     0     0     0     0     0     0     0     0     0     0    87     0     0     0     0     0     0     0     0     0     0    97     0     0     0     0     0
     0     0    89    90     0     0     0     0     0   106     0     0     0     0     0     0     0    83     0   112     0     0    92     0     0     0     0     0     0     0    94     0     0     0    97
     0     0   105     0     0     0     0     0   106     0     0     0     0     0     0     0     0     0     0     0     0     0     0     0     0     0     0     0     0    86     0   110   109     0     0
   109     0     0     0     0     0     0     0     0     0     0     0     0     0     0     0     0     0     0     0     0     0     0     0     0     0     0     0     0     0     0     0     0     0     0
    84     0     0     0    88     0     0     0     0     0     0     0     0     0     0     0   108     0     0     0     0     0     0     0     0     0     0     0     0     0     0     0     0   113    98
     0     0     0     0     0     0     0     0     0     0     0     0     0     0     0   118     0     0     0     0     0    94     0     0     0     0     0     0     0     0     0     0     0     0     0
    86   102     0     0   102     0   114     0     0     0     0     0     0     0     0    83     0     0     0     0     0     0     0     0     0     0    87     0     0   101     0     0     0     0     0
   119     0     0     0     0     0    86     0     0     0     0     0     0     0     0     0    92     0     0     0     0     0     0    89    90     0    92     0     0    89   107     0     0     0     0
     0   114     0   100     0     0     0     0     0     0     0     0   118    83     0     0     0     0     0   119     0     0     0     0     0     0     0     0    82     0     0     0     0     0     0
    95     0     0     0     0     0     0     0     0     0     0   108     0     0    92     0     0     0   113     0     0     0     0     0     0   111     0     0     0     0     0    84     0     0     0
     0     0     0     0   105     0     0     0    83     0     0     0     0     0     0     0     0     0     0     0     0     0     0     0     0     0     0     0     0     0     0   119     0     0     0
     0     0     0     0     0     0   111    87     0     0     0     0     0     0     0     0   113     0     0    80     0   103     0     0     0     0     0     0     0     0     0     0     0     0   105
    97     0     0     0     0     0     0     0   112     0     0     0     0     0     0   119     0     0    80     0     0     0     0     0     0     0     0     0    83     0     0    94     0     0     0
     0     0     0    80     0     0     0     0     0     0     0     0     0     0     0     0     0     0     0     0     0     0     0   119    99     0     0     0     0     0     0     0     0     0     0
     0     0     0     0    89     0   120     0     0     0     0     0    94     0     0     0     0     0   103     0     0     0     0     0     0     0     0     0   113     0     0     0     0     0     0
     0     0     0     0    86   108     0     0    92     0     0     0     0     0     0     0     0     0     0     0     0     0     0     0     0     0     0     0    86    88     0     0     0     0     0
     0     0   113     0     0     0     0     0     0     0     0     0     0     0    89     0     0     0     0     0   119     0     0     0     0     0     0     0     0   102   116     0     0     0    82
     0     0     0     0     0    80     0     0     0     0     0     0     0     0    90     0     0     0     0     0    99     0     0     0     0     0     0     0     0     0     0     0     0   120     0
     0     0     0     0    87     0     0     0     0     0     0     0     0     0     0     0   111     0     0     0     0     0     0     0     0     0     0   113     0     0     0     0     0     0     0
     0     0     0     0    82   119     0     0     0     0     0     0     0    87    92     0     0     0     0     0     0     0     0     0     0     0     0     0    97     0     0     0     0     0     0
     0     0     0     0     0    97    84     0     0     0     0     0     0     0     0     0     0     0     0     0     0     0     0     0     0   113     0     0     0     0     0    84     0     0     0
     0     0     0     0     0     0     0     0     0     0     0     0     0     0     0    82     0     0     0    83     0   113    86     0     0     0    97     0     0    81     0     0     0     0     0
     0    93     0     0     0     0     0    97     0    86     0     0     0   101    89     0     0     0     0     0     0     0    88   102     0     0     0     0    81     0     0   118     0     0     0
     0   106     0     0     0     0     0     0    94     0     0     0     0     0   107     0     0     0     0     0     0     0     0   116     0     0     0     0     0     0     0     0     0     0     0
     0     0     0     0     0     0     0     0     0   110     0     0     0     0     0     0    84   119     0    94     0     0     0     0     0     0     0    84     0   118     0     0     0    99     0
     0     0    96     0     0   107     0     0     0   109     0     0     0     0     0     0     0     0     0     0     0     0     0     0     0     0     0     0     0     0     0     0     0     0     0
     0     0     0     0     0     0     0     0     0     0     0   113     0     0     0     0     0     0     0     0     0     0     0     0   120     0     0     0     0     0     0    99     0     0    92
     0     0     0   108     0     0     0     0    97     0     0    98     0     0     0     0     0     0   105     0     0     0     0    82     0     0     0     0     0     0     0     0     0    92     0
