36
     0     0     0     0     0     0   102     0     0   114     0     0     0     0     0     0     0     0     0     0     0     0     0     0    93     0     0     0     0     0     0   106     0     0     0     0
     0     0     0    89     0   105     0     0     0     0   113     0     0     0     0     0     0     0     0     0     0     0    96     0     0     0     0     0     0     0     0     0     0     0    90   100
     0     0     0     0    80     0     0     0     0     0     0     0     0     0     0     0   108     0     0     0    88   102     0     0     0   105     0     0     0    89     0    86     0     0     0     0
     0    89     0     0     0     0    87     0     0     0     0     0     0     0     0     0     0    82     0     0     0     0     0     0     0     0     0     0     0     0     0     0     0     0     0     0
     0     0    80     0     0     0     0     0   108     0     0     0     0     0    80     0     0     0     0     0     0     0     0     0     0     0     0     0     0     0     0     0     0     0   119    97
     0   105     0     0     0     0     0     0     0     0     0   107     0     0     0   114     0     0     0     0     0     0    86     0     0     0     0     0     0     0     0     0     0     0     0     0
   102     0     0    87     0     0     0     0     0     0     0     0     0     0     0     0   111     0     0     0   120     0     0     0     0    84     0    87     0     0     0     0     0    97     0   106
     0     0     0     0     0     0     0     0     0    83     0     0   112     0     0     0     0     0     0    92    94     0     0     0     0     0     0    97     0     0     0     0     0    86     0   110
     0     0     0     0   108     0     0     0     0     0     0     0     0     0     0     0     0     0     0     0     0     0     0     0     0     0     0     0     0     0     0     0     0     0     0   109
   114     0     0     0     0     0     0    83     0     0     0     0     0     0     0   108     0     0     0     0     0     0     0   113     0     0     0     0     0     0     0    98     0     0     0     0
     0   113     0     0     0     0     0     0     0     0     0     0     0     0     0     0     0     0   118     0     0     0     0     0     0     0     0    94     0     0     0     0    83     0     0    87
     0     0     0     0     0   107     0     0     0     0     0     0     0     0     0     0     0     0     0     0     0     0     0     0     0     0     0   101     0     0     0     0     0    92    89     0
     0     0     0     0     0     0     0   112     0     0     0     0     0     0     0     0     0     0     0     0     0     0     0     0     0     0     0     0     0     0     0     0     0     0     0     0
     0     0     0     0     0     0     0     0     0     0     0     0     0     0     0     0     0     0     0     0     0     0     0     0     0     0     0     0     0    90     0     0     0     0     0     0
     0     0     0     0    80     0     0     0     0     0     0     0     0     0     0     0     0     0     0     0     0     0     0     0     0     0     0     0     0     0     0     0    92     0     0     0
     0     0     0     0     0   114     0     0     0   108     0     0     0     0     0     0     0     0    89     0     0     0     0     0   107     0     0     0     0     0   119     0     0     0    82     0
     0     0   108     0     0     0   111     0     0     0     0     0     0     0     0     0     0     0     0     0     0   113   111     0    84     0     0   119     0     0     0     0     0     0    80   103
     0     0     0    82     0     0     0     0     0     0     0     0     0     0     0     0     0     0     0     0     0     0     0   105     0     0     0     0    83     0     0     0     0     0     0     0
     0     0     0     0     0     0     0     0     0     0   118     0     0     0     0    89     0     0     0     0     0     0     0     0    94     0   119     0     0     0     0     0    99     0     0     0
     0     0     0     0     0     0     0    92     0     0     0     0     0     0     0     0     0     0     0     0     0   113     0    86     0     0     0     0     0     0     0    88     0     0     0     0
     0     0    88     0     0     0   120    94     0     0     0     0     0     0     0     0     0     0     0     0     0   102     0     0     0     0     0     0     0     0     0     0     0     0     0     0
     0     0   102     0     0     0     0     0     0     0     0     0     0     0     0     0   113     0     0   113   102     0     0   116     0     0     0     0     0    82     0     0     0     0     0     0
     0    96     0     0     0    86     0     0     0     0     0     0     0     0     0     0   111     0     0     0     0     0     0     0     0     0   120   113     0     0     0     0     0     0     0     0
     0     0     0     0     0     0     0     0     0   113     0     0     0     0     0     0     0   105     0    86     0   116     0     0     0     0     0     0     0     0     0     0    97     0    84    81
    93     0     0     0     0     0     0     0     0     0     0     0     0     0     0   107    84     0    94     0     0     0     0     0     0     0     0     0     0   118    99    92     0     0     0     0
     0     0   105     0     0     0    84     0     0     0     0     0     0     0     0     0     0     0     0     0     0     0     0     0     0     0     0     0     0    89     0     0     0   111     0     0
     0     0     0     0     0     0     0     0     0     0     0     0     0     0     0     0     0     0   119     0     0     0   120     0     0     0     0     0     0     0   103     0     0     0     0     0
     0     0     0     0     0     0    87    97     0     0    94   101     0     0     0     0   119     0     0     0     0     0   113     0     0     0     0     0     0     0     0     0     0     0     0     0
     0     0     0     0     0     0     0     0     0     0     0     0     0     0     0     0     0    83     0     0     0     0     0     0     0     0     0     0     0   116     0   112     0     0     0     0
     0     0    89     0     0     0     0     0     0     0     0     0     0    90     0     0     0     0     0     0     0    82     0     0   118    89     0     0   116     0     0     0   108     0     0     0
     0     0     0     0     0     0     0     0     0     0     0     0     0     0     0   119     0     0     0     0     0     0     0     0    99     0   103     0     0     0     0     0     0     0   111     0
   106     0    86     0     0     0     0     0     0    98     0     0     0     0     0     0     0     0     0    88     0     0     0     0    92     0     0     0   112     0     0     0     0     0   104     0
     0     0     0     0     0     0     0     0     0     0    83     0     0     0    92     0     0     0    99     0     0     0     0    97     0     0     0     0     0   108     0     0     0     0     0     0
     0     0     0     0     0     0    97    86     0     0     0    92     0     0     0     0     0     0     0     0     0     0     0     0     0   111     0     0     0     0     0     0     0     0   112     0
     0    90     0     0   119     0     0     0     0     0     0    89     0     0     0    82    80     0     0     0     0     0     0    84     0     0     0     0     0     0   111   104     0   112     0     0
     0   100     0     0    97     0   106   110   109     0    87     0     0     0     0     0   103     0     0     0     0     0     0    81     0     0     0     0     0     0     0     0     0     0     0     0
