38
     0     0     0     0     0     0    90     0     0     0     0     0     0     0     0     0     0     0     0     0     0     0   110     0     0     0     0     0     0     0     0     0     0     0     0     0     0     0
     0     0     0     0     0     0     0     0     0     0     0     0     0     0     0     0   119     0     0     0     0     0     0   100    89     0     0     0     0     0     0     0     0     0     0     0     0     0
     0     0     0     0     0     0     0    89     0     0     0    95     0     0     0     0     0     0     0     0     0     0     0     0     0     0     0     0     0     0     0     0     0     0     0     0     0     0
     0     0     0     0     0     0     0     0     0     0     0     0     0     0     0     0     0     0     0     0     0     0     0   100     0     0     0     0     0     0     0     0     0     0    90     0     0     0
     0     0     0     0     0     0     0     0     0     0     0     0     0     0     0     0     0     0     0     0    84     0     0     0     0     0     0     0     0     0    96     0     0     0     0     0     0     0
     0     0     0     0     0     0     0     0     0     0     0     0     0   116   105     0     0     0     0     0     0     0     0     0     0     0     0     0     0     0   115     0     0     0     0     0     0     0
    90     0     0     0     0     0     0     0     0     0     0    97     0     0     0     0     0     0     0     0   119     0     0     0     0    89     0     0     0     0     0   106     0     0     0     0    97     0
     0     0    89     0     0     0     0     0     0     0     0     0     0     0     0     0     0    90     0     0     0     0     0    93     0     0     0     0     0     0     0     0     0     0     0     0     0     0
     0     0     0     0     0     0     0     0     0     0     0     0   118     0     0     0     0     0     0     0     0     0     0     0     0     0     0     0     0     0     0     0     0     0     0     0     0     0
     0     0     0     0     0     0     0     0     0     0     0     0     0     0     0     0     0     0     0     0     0     0     0     0     0     0     0   109     0     0     0     0    84   120     0     0     0     0
     0     0     0     0     0     0     0     0     0     0     0     0     0     0    81     0     0     0     0     0     0     0     0     0     0     0    82     0     0     0     0     0     0     0     0     0     0     0
     0     0    95     0     0     0    97     0     0     0     0     0     0     0     0     0     0     0     0     0     0     0     0     0     0     0     0     0     0     0     0     0     0     0     0     0     0     0
     0     0     0     0     0     0     0     0   118     0     0     0     0     0     0     0     0   102     0     0     0     0     0     0     0     0     0     0     0     0     0     0     0     0     0     0     0     0
     0     0     0     0     0   116     0     0     0     0     0     0     0     0     0     0     0     0     0     0     0     0     0     0     0     0     0     0     0     0     0     0     0     0   100     0     0     0
     0     0     0     0     0   105     0     0     0     0    81     0     0     0     0     0     0     0     0     0     0     0     0     0     0     0     0     0     0     0     0     0    92     0     0    92   110     0
     0     0     0     0     0     0     0     0     0     0     0     0     0     0     0     0     0     0     0     0     0     0     0     0     0    83     0     0     0     0     0     0     0     0     0     0     0     0
     0   119     0     0     0     0     0     0     0     0     0     0     0     0     0     0     0     0     0     0     0     0     0     0     0    90    90     0     0     0     0     0     0    92     0     0     0     0
     0     0     0     0     0     0     0    90     0     0     0     0   102     0     0     0     0     0     0     0   101     0     0     0     0     0     0     0     0     0     0     0     0     0     0     0   107     0
     0     0     0     0     0     0     0     0     0     0     0     0     0     0     0     0     0     0     0     0     0     0     0   114     0     0     0     0     0     0     0     0     0     0     0     0     0     0
     0     0     0     0     0     0     0     0     0     0     0     0     0     0     0     0     0     0     0     0   111     0     0     0     0     0     0   113     0     0    90     0     0     0     0     0     0     0
     0     0     0     0    84     0   119     0     0     0     0     0     0     0     0     0     0   101     0   111     0     0     0   106     0     0     0     0     0     0     0     0    97     0     0     0     0     0
     0     0     0     0     0     0     0     0     0     0     0     0     0     0     0     0     0     0     0     0     0     0     0     0     0     0     0     0     0     0     0     0    84     0     0     0     0     0
   110     0     0     0     0     0     0     0     0     0     0     0     0     0     0     0     0     0     0     0     0     0     0     0     0     0     0     0     0     0     0     0     0     0     0     0     0     0
     0   100     0   100     0     0     0    93     0     0     0     0     0     0     0     0     0     0   114     0   106     0     0     0     0    84     0     0     0     0     0     0     0     0     0     0    98     0
     0    89     0     0     0     0     0     0     0     0     0     0     0     0     0     0     0     0     0     0     0     0     0     0     0     0     0     0     0    95     0     0     0     0     0     0     0     0
     0     0     0     0     0     0    89     0     0     0     0     0     0     0     0    83    90     0     0     0     0     0     0    84     0     0     0     0     0     0     0     0     0     0     0     0     0     0
     0     0     0     0     0     0     0     0     0     0    82     0     0     0     0     0    90     0     0     0     0     0     0     0     0     0     0     0     0     0     0     0     0     0     0     0     0   113
     0     0     0     0     0     0     0     0     0   109     0     0     0     0     0     0     0     0     0   113     0     0     0     0     0     0     0     0     0     0   115     0     0     0     0   107     0     0
     0     0     0     0     0     0     0     0     0     0     0     0     0     0     0     0     0     0     0     0     0     0     0     0     0     0     0     0     0     0     0     0    87     0     0     0     0     0
     0     0     0     0     0     0     0     0     0     0     0     0     0     0     0     0     0     0     0     0     0     0     0     0    95     0     0     0     0     0     0     0   114     0    98     0     0    91
     0     0     0     0    96   115     0     0     0     0     0     0     0     0     0     0     0     0     0    90     0     0     0     0     0     0     0   115     0     0     0     0     0     0     0     0     0     0
     0     0     0     0     0     0   106     0     0     0     0     0     0     0     0     0     0     0     0     0     0     0     0     0     0     0     0     0     0     0     0     0     0     0     0     0     0     0
     0     0     0     0     0     0     0     0     0    84     0     0     0     0    92     0     0     0     0     0    97    84     0     0     0     0     0     0    87   114     0     0     0     0     0     0     0     0
     0     0     0     0     0     0     0     0     0   120     0     0     0     0     0     0    92     0     0     0     0     0     0     0     0     0     0     0     0     0     0     0     0     0   116    99     0     0
     0     0     0    90     0     0     0     0     0     0     0     0     0   100     0     0     0     0     0     0     0     0     0     0     0     0     0     0     0    98     0     0     0   116     0     0     0     0
     0     0     0     0     0     0     0     0     0     0     0     0     0     0    92     0     0     0     0     0     0     0     0     0     0     0     0   107     0     0     0     0     0    99     0     0     0     0
     0     0     0     0     0     0    97     0     0     0     0     0     0     0   110     0     0   107     0     0     0     0     0    98     0     0     0     0     0     0     0     0     0     0     0     0     0     0
     0     0     0     0     0     0     0     0     0     0     0     0     0     0     0     0     0     0     0     0     0     0     0     0     0     0   113     0     0    91     0     0     0     0     0     0     0     0
