40
     0     0     0     0     0     0     0     0     0     0     0     0     0     0     0     0    94     0     0     0     0     0     0     0     0     0     0     0     0     0     0     0     0     0     0     0     0     0     0     0
     0     0     0     0     0     0     0   119     0     0     0     0     0     0     0     0     0     0     0     0     0     0     0     0     0     0     0     0     0     0     0     0     0     0     0     0     0     0     0     0
     0     0     0    99     0   113    86     0     0    88     0     0     0     0     0     0     0     0     0     0     0     0     0   102     0     0     0     0     0     0     0     0     0     0     0     0     0     0     0     0
     0     0    99     0     0     0     0     0   116     0     0     0     0     0     0     0     0     0     0     0     0     0     0     0     0     0     0     0     0     0     0     0     0     0     0     0     0     0     0     0
     0     0     0     0     0     0     0     0     0     0     0     0     0     0     0     0     0     0     0     0     0     0     0     0     0     0     0     0     0     0     0     0    82     0     0     0     0     0     0     0
     0     0   113     0     0     0     0     0     0     0     0     0     0     0     0     0     0     0     0     0     0     0     0     0     0     0     0     0     0     0     0     0     0   120     0     0     0     0     0     0
     0     0    86     0     0     0     0     0     0     0     0     0     0     0     0     0     0     0     0     0     0     0     0     0     0     0     0     0     0     0     0     0     0     0     0     0     0     0   113    97
     0   119     0     0     0     0     0     0     0     0     0     0    84     0     0     0     0     0     0     0    81     0     0     0     0     0     0     0   118     0     0     0     0     0     0     0     0     0     0     0
     0     0     0   116     0     0     0     0     0     0     0     0     0     0     0     0     0     0     0    99     0     0     0     0    92     0    89     0     0     0     0   111     0     0     0     0     0     0     0     0
     0     0    88     0     0     0     0     0     0     0     0   103     0     0     0     0     0     0     0     0     0   116     0     0     0     0     0     0     0     0     0     0     0     0     0     0     0     0   112     0
     0     0     0     0     0     0     0     0     0     0     0     0     0     0     0     0     0     0     0     0     0     0     0     0     0     0     0     0     0   108     0     0     0     0     0     0     0   111     0     0
     0     0     0     0     0     0     0     0     0   103     0     0     0     0     0     0     0     0     0     0     0     0     0     0     0     0   104     0     0     0     0   112     0     0     0     0     0     0     0     0
     0     0     0     0     0     0     0    84     0     0     0     0     0     0     0     0     0     0     0     0     0     0     0     0     0     0     0     0     0     0     0     0     0   109     0     0   104     0    96     0
     0     0     0     0     0     0     0     0     0     0     0     0     0     0     0     0     0     0     0     0     0     0     0     0     0     0     0     0     0    95     0     0     0     0     0     0   109     0     0     0
     0     0     0     0     0     0     0     0     0     0     0     0     0     0     0     0     0     0     0   110     0     0     0     0     0     0     0     0     0     0     0     0     0     0     0     0     0     0     0     0
     0     0     0     0     0     0     0     0     0     0     0     0     0     0     0     0     0     0     0     0     0     0    95     0     0     0     0     0     0     0     0     0    87     0     0     0     0     0     0     0
    94     0     0     0     0     0     0     0     0     0     0     0     0     0     0     0     0     0     0     0     0     0     0     0     0     0     0     0     0   105   101     0     0    98     0     0     0    88     0     0
     0     0     0     0     0     0     0     0     0     0     0     0     0     0     0     0     0     0     0     0     0     0     0     0     0     0     0    96     0     0     0     0     0   100     0     0     0    89     0     0
     0     0     0     0     0     0     0     0     0     0     0     0     0     0     0     0     0     0     0     0     0     0     0     0     0     0     0     0     0     0    91     0     0     0     0     0     0     0   117     0
     0     0     0     0     0     0     0     0    99     0     0     0     0     0   110     0     0     0     0     0     0    96     0    92     0     0     0     0     0     0     0     0   116     0     0     0     0   115     0     0
     0     0     0     0     0     0     0    81     0     0     0     0     0     0     0     0     0     0     0     0     0     0     0     0     0     0     0     0     0     0     0   105     0     0     0     0     0     0     0    86
     0     0     0     0     0     0     0     0     0   116     0     0     0     0     0     0     0     0     0    96     0     0     0     0     0     0     0     0     0     0   107     0     0     0     0     0     0     0    87     0
     0     0     0     0     0     0     0     0     0     0     0     0     0     0     0    95     0     0     0     0     0     0     0     0     0     0     0     0     0     0     0     0     0     0     0     0     0     0     0     0
     0     0   102     0     0     0     0     0     0     0     0     0     0     0     0     0     0     0     0    92     0     0     0     0     0     0     0    82     0     0     0     0     0     0     0     0     0     0     0     0
     0     0     0     0     0     0     0     0    92     0     0     0     0     0     0     0     0     0     0     0     0     0     0     0     0     0     0   100     0     0     0     0     0     0     0     0     0     0     0     0
     0     0     0     0     0     0     0     0     0     0     0     0     0     0     0     0     0     0     0     0     0     0     0     0     0     0     0     0     0     0     0   115     0     0     0     0     0     0     0     0
     0     0     0     0     0     0     0     0    89     0     0   104     0     0     0     0     0     0     0     0     0     0     0     0     0     0     0     0   113     0     0     0     0     0     0     0     0     0    84     0
     0     0     0     0     0     0     0     0     0     0     0     0     0     0     0     0     0    96     0     0     0     0     0    82   100     0     0     0     0     0     0     0     0     0     0     0     0     0     0     0
     0     0     0     0     0     0     0   118     0     0     0     0     0     0     0     0     0     0     0     0     0     0     0     0     0     0   113     0     0   108     0     0     0     0     0     0     0     0     0     0
     0     0     0     0     0     0     0     0     0     0   108     0     0    95     0     0   105     0     0     0     0     0     0     0     0     0     0     0   108     0     0     0     0     0     0     0     0     0     0     0
     0     0     0     0     0     0     0     0     0     0     0     0     0     0     0     0   101     0    91     0     0   107     0     0     0     0     0     0     0     0     0     0     0     0     0     0   103     0     0     0
     0     0     0     0     0     0     0     0   111     0     0   112     0     0     0     0     0     0     0     0   105     0     0     0     0   115     0     0     0     0     0     0     0     0     0     0     0     0     0     0
     0     0     0     0    82     0     0     0     0     0     0     0     0     0     0    87     0     0     0   116     0     0     0     0     0     0     0     0     0     0     0     0     0     0     0     0     0     0     0     0
     0     0     0     0     0   120     0     0     0     0     0     0   109     0     0     0    98   100     0     0     0     0     0     0     0     0     0     0     0     0     0     0     0     0     0     0     0     0     0     0
     0     0     0     0     0     0     0     0     0     0     0     0     0     0     0     0     0     0     0     0     0     0     0     0     0     0     0     0     0     0     0     0     0     0     0     0   110     0     0     0
     0     0     0     0     0     0     0     0     0     0     0     0     0     0     0     0     0     0     0     0     0     0     0     0     0     0     0     0     0     0     0     0     0     0     0     0     0     0    83     0
     0     0     0     0     0     0     0     0     0     0     0     0   104   109     0     0     0     0     0     0     0     0     0     0     0     0     0     0     0     0   103     0     0     0   110     0     0     0     0     0
     0     0     0     0     0     0     0     0     0     0   111     0     0     0     0     0    88    89     0   115     0     0     0     0     0     0     0     0     0     0     0     0     0     0     0     0     0     0     0     0
     0     0     0     0     0     0   113     0     0   112     0     0    96     0     0     0     0     0   117     0     0    87     0     0     0     0    84     0     0     0     0     0     0     0     0    83     0     0     0     0
     0     0     0     0     0     0    97     0     0     0     0     0     0     0     0     0     0     0     0     0    86     0     0     0     0     0     0     0     0     0     0     0     0     0     0     0     0     0     0     0
