41
     0     0     0     0     0   103     0     0     0     0     0     0     0     0     0     0     0     0     0     0     0     0     0     0     0   113     0     0     0     0     0     0     0   101     0     0     0     0     0     0     0
     0     0     0     0     0     0     0     0     0     0     0     0     0     0     0     0   111     0     0     0     0     0     0     0     0     0     0     0     0     0     0     0     0     0     0     0     0     0     0     0     0
     0     0     0     0     0     0     0   117     0     0     0     0     0     0   108     0   107   114     0   109     0     0    84     0     0     0     0     0     0     0     0    86     0     0     0     0     0     0     0     0     0
     0     0     0     0     0     0     0   119     0     0    95     0     0     0     0    97     0     0     0     0     0     0     0     0     0     0     0     0     0     0     0     0     0   102     0     0     0     0     0     0     0
     0     0     0     0     0     0     0     0     0   114     0     0     0     0     0     0     0     0     0     0     0     0     0     0     0    93     0     0     0   106     0     0     0    89     0   105     0     0     0     0     0
   103     0     0     0     0     0   113     0     0     0     0     0     0    96     0    90     0     0     0     0     0     0     0     0     0     0   100     0    80     0     0     0     0     0     0     0     0     0     0     0     0
     0     0     0     0     0   113     0     0   108     0     0     0     0     0     0    88     0     0     0     0     0     0     0     0     0     0     0     0     0     0     0     0     0     0     0     0     0     0     0     0     0
     0     0   117   119     0     0     0     0     0     0     0     0     0     0     0     0     0     0     0     0     0     0     0     0     0     0     0   102     0     0     0     0     0     0     0     0     0     0     0     0     0
     0     0     0     0     0     0   108     0     0     0     0     0     0     0     0     0     0   105     0     0     0    89     0     0     0     0     0     0     0     0     0     0     0     0     0     0     0    86     0     0     0
     0     0     0     0   114     0     0     0     0     0     0    87    82     0   108     0     0    80     0     0     0     0     0     0     0     0     0     0     0     0     0     0     0     0     0     0     0     0     0     0     0
     0     0     0    95     0     0     0     0     0     0     0     0     0   119     0    97     0     0     0     0     0     0     0     0     0     0   107     0     0     0     0     0     0     0     0     0     0     0   114     0     0
     0     0     0     0     0     0     0     0     0    87     0     0     0     0     0     0     0     0     0     0     0     0     0     0     0     0     0     0     0     0     0     0     0     0     0     0     0    86     0     0     0
     0     0     0     0     0     0     0     0     0    82     0     0     0     0     0     0     0     0     0   111     0     0     0     0     0   120     0     0     0     0     0     0     0    84     0     0     0     0     0     0     0
     0     0     0     0     0    96     0     0     0     0   119     0     0     0     0     0     0     0     0     0     0     0     0     0     0     0     0     0     0     0     0     0     0     0     0     0     0     0     0     0     0
     0     0   108     0     0     0     0     0     0   108     0     0     0     0     0    87     0     0     0    97     0     0     0   106     0     0     0     0     0     0     0     0     0     0     0     0     0     0     0     0     0
     0     0     0    97     0    90    88     0     0     0    97     0     0     0    87     0     0     0     0     0     0     0     0    83     0     0     0   112     0     0     0     0     0     0     0     0     0     0     0     0     0
     0   111   107     0     0     0     0     0     0     0     0     0     0     0     0     0     0    92     0     0     0     0     0     0     0     0     0     0     0     0     0     0     0     0     0     0     0    94     0     0     0
     0     0   114     0     0     0     0     0   105    80     0     0     0     0     0     0    92     0     0    97     0     0    86     0     0     0     0     0     0     0     0   110   109     0     0     0   108     0     0   113     0
     0     0     0     0     0     0     0     0     0     0     0     0     0     0     0     0     0     0     0     0     0     0     0     0     0     0     0     0     0     0     0     0     0     0     0     0     0    98     0     0   118
     0     0   109     0     0     0     0     0     0     0     0     0   111     0    97     0     0    97     0     0     0     0     0     0     0     0     0     0     0     0     0     0     0     0    94     0     0     0     0     0     0
     0     0     0     0     0     0     0     0     0     0     0     0     0     0     0     0     0     0     0     0     0    83     0    87     0     0     0     0     0     0     0     0     0     0     0     0     0     0     0     0     0
     0     0     0     0     0     0     0     0    89     0     0     0     0     0     0     0     0     0     0     0    83     0     0     0     0     0     0   101    92     0     0    89     0     0    90     0     0     0    92     0     0
     0     0    84     0     0     0     0     0     0     0     0     0     0     0     0     0     0    86     0     0     0     0     0     0     0     0     0     0     0    89     0   107     0     0     0     0     0     0     0     0     0
     0     0     0     0     0     0     0     0     0     0     0     0     0     0   106    83     0     0     0     0    87     0     0     0     0     0     0     0     0     0     0     0   119     0     0     0     0     0     0     0     0
     0     0     0     0     0     0     0     0     0     0     0     0     0     0     0     0     0     0     0     0     0     0     0     0     0     0     0     0     0     0     0     0     0     0    82     0     0     0     0     0     0
   113     0     0     0    93     0     0     0     0     0     0     0   120     0     0     0     0     0     0     0     0     0     0     0     0     0     0     0     0     0     0     0     0     0   113     0     0   111     0     0    84
     0     0     0     0     0   100     0     0     0     0   107     0     0     0     0     0     0     0     0     0     0     0     0     0     0     0     0     0     0     0     0     0     0     0     0     0     0     0     0     0     0
     0     0     0     0     0     0     0   102     0     0     0     0     0     0     0   112     0     0     0     0     0   101     0     0     0     0     0     0   119     0     0     0     0     0     0     0     0     0     0     0     0
     0     0     0     0     0    80     0     0     0     0     0     0     0     0     0     0     0     0     0     0     0    92     0     0     0     0     0   119     0     0     0     0     0     0     0     0     0     0     0     0     0
     0     0     0     0   106     0     0     0     0     0     0     0     0     0     0     0     0     0     0     0     0     0    89     0     0     0     0     0     0     0     0     0     0     0     0    80   103     0   105     0     0
     0     0     0     0     0     0     0     0     0     0     0     0     0     0     0     0     0     0     0     0     0     0     0     0     0     0     0     0     0     0     0    83     0     0     0    94     0     0     0     0   119
     0     0    86     0     0     0     0     0     0     0     0     0     0     0     0     0     0   110     0     0     0    89   107     0     0     0     0     0     0     0    83     0     0     0     0     0     0     0     0     0     0
     0     0     0     0     0     0     0     0     0     0     0     0     0     0     0     0     0   109     0     0     0     0     0   119     0     0     0     0     0     0     0     0     0     0     0     0     0     0    99     0     0
   101     0     0   102    89     0     0     0     0     0     0     0    84     0     0     0     0     0     0     0     0     0     0     0     0     0     0     0     0     0     0     0     0     0     0     0     0     0     0     0     0
     0     0     0     0     0     0     0     0     0     0     0     0     0     0     0     0     0     0     0    94     0    90     0     0    82   113     0     0     0     0     0     0     0     0     0     0   113     0     0     0     0
     0     0     0     0   105     0     0     0     0     0     0     0     0     0     0     0     0     0     0     0     0     0     0     0     0     0     0     0     0    80    94     0     0     0     0     0     0     0     0     0     0
     0     0     0     0     0     0     0     0     0     0     0     0     0     0     0     0     0   108     0     0     0     0     0     0     0     0     0     0     0   103     0     0     0     0   113     0     0     0     0     0     0
     0     0     0     0     0     0     0     0    86     0     0    86     0     0     0     0    94     0    98     0     0     0     0     0     0   111     0     0     0     0     0     0     0     0     0     0     0     0     0     0     0
     0     0     0     0     0     0     0     0     0     0   114     0     0     0     0     0     0     0     0     0     0    92     0     0     0     0     0     0     0   105     0     0    99     0     0     0     0     0     0     0     0
     0     0     0     0     0     0     0     0     0     0     0     0     0     0     0     0     0   113     0     0     0     0     0     0     0     0     0     0     0     0     0     0     0     0     0     0     0     0     0     0     0
     0     0     0     0     0     0     0     0     0     0     0     0     0     0     0     0     0     0   118     0     0     0     0     0     0    84     0     0     0     0   119     0     0     0     0     0     0     0     0     0     0
