42
     0     0     0     0    87     0     0     0     0     0     0     0     0    88     0   117     0     0     0     0     0     0     0     0     0     0     0     0     0     0   101     0     0     0     0     0     0     0     0     0     0     0
     0     0     0     0    89     0     0     0     0     0     0    86     0     0     0     0     0     0     0     0     0     0     0     0     0     0     0     0     0     0     0     0     0     0     0     0     0     0     0     0     0     0
     0     0     0   110     0     0     0     0     0     0     0     0     0     0   116     0   115     0     0     0     0     0     0     0     0   112     0     0     0     0   110     0     0     0     0     0     0     0     0     0     0     0
     0     0   110     0     0     0     0    90     0     0     0     0     0     0     0     0     0     0    82     0     0     0    85     0     0     0     0     0     0     0     0     0     0     0     0     0   101     0     0     0     0     0
    87    89     0     0     0     0     0     0     0     0     0     0     0    88     0     0     0     0     0     0     0     0     0     0     0     0   105     0     0     0     0     0     0     0     0     0     0     0     0     0     0     0
     0     0     0     0     0     0     0     0   100     0     0     0     0     0     0     0     0     0   115     0     0     0     0     0     0     0     0     0    82     0     0     0     0     0     0     0     0     0     0     0   112     0
     0     0     0     0     0     0     0     0   119     0     0     0     0     0     0     0     0     0     0     0     0     0     0     0     0     0     0     0     0     0     0     0     0     0     0     0     0     0     0     0     0   120
     0     0     0    90     0     0     0     0     0     0     0     0     0    86    86     0     0     0     0     0     0     0     0     0     0     0     0     0     0     0     0     0     0    83     0     0     0     0     0     0     0     0
     0     0     0     0     0   100   119     0     0     0     0     0     0     0     0    90     0     0     0     0     0     0     0     0   112     0   102     0     0    80     0    86     0     0     0   111    88     0     0     0     0     0
     0     0     0     0     0     0     0     0     0     0     0     0     0     0     0     0     0     0     0     0    82     0     0     0     0     0     0     0     0     0    93     0    97     0     0     0     0     0     0     0     0     0
     0     0     0     0     0     0     0     0     0     0     0     0     0     0     0     0     0     0    91     0     0     0     0     0     0     0     0     0     0     0     0     0     0     0     0     0     0     0     0     0     0     0
     0    86     0     0     0     0     0     0     0     0     0     0     0     0     0     0     0     0     0     0     0     0     0     0     0     0     0     0     0     0     0     0     0     0     0     0     0     0     0     0     0    83
     0     0     0     0     0     0     0     0     0     0     0     0     0     0     0     0     0     0     0     0     0     0     0     0     0     0     0     0     0     0     0     0     0     0    94     0     0     0     0     0     0     0
    88     0     0     0    88     0     0    86     0     0     0     0     0     0     0    85     0     0     0     0     0     0   115     0    84     0     0     0     0     0     0     0     0     0     0    98     0     0     0     0     0     0
     0     0   116     0     0     0     0    86     0     0     0     0     0     0     0     0     0     0     0     0     0   117     0    89     0     0     0     0     0     0   119     0     0    87     0     0     0     0     0     0     0   116
   117     0     0     0     0     0     0     0    90     0     0     0     0    85     0     0   100     0     0    81     0     0     0     0     0     0     0     0     0     0     0     0     0     0     0     0     0     0     0     0     0     0
     0     0   115     0     0     0     0     0     0     0     0     0     0     0     0   100     0     0     0     0     0     0     0     0     0     0     0     0     0     0     0     0     0     0     0     0     0     0     0     0     0     0
     0     0     0     0     0     0     0     0     0     0     0     0     0     0     0     0     0     0     0     0   120     0     0    91     0   120     0   119     0     0     0     0     0     0     0     0     0     0     0     0     0     0
     0     0     0    82     0   115     0     0     0     0    91     0     0     0     0     0     0     0     0     0     0     0     0    99     0    87     0     0     0     0     0     0     0     0     0     0     0    84     0     0     0     0
     0     0     0     0     0     0     0     0     0     0     0     0     0     0     0    81     0     0     0     0     0     0     0     0     0     0     0     0     0     0     0     0   111     0     0     0     0     0     0     0     0   119
     0     0     0     0     0     0     0     0     0    82     0     0     0     0     0     0     0   120     0     0     0     0     0     0     0     0     0   106     0     0     0     0     0     0   111     0     0    86     0     0     0     0
     0     0     0     0     0     0     0     0     0     0     0     0     0     0   117     0     0     0     0     0     0     0    98     0     0     0     0   120     0     0     0     0     0    91     0   111     0     0     0     0     0     0
     0     0     0    85     0     0     0     0     0     0     0     0     0   115     0     0     0     0     0     0     0    98     0     0     0     0     0     0     0     0    98     0     0     0     0     0     0   102     0     0     0     0
     0     0     0     0     0     0     0     0     0     0     0     0     0     0    89     0     0    91    99     0     0     0     0     0     0     0     0     0     0     0     0     0     0     0     0     0     0     0     0     0   114     0
     0     0     0     0     0     0     0     0   112     0     0     0     0    84     0     0     0     0     0     0     0     0     0     0     0   115     0     0     0   109     0     0     0     0     0     0     0   111     0     0     0     0
     0     0   112     0     0     0     0     0     0     0     0     0     0     0     0     0     0   120    87     0     0     0     0     0   115     0     0     0     0     0     0     0     0     0     0     0   119     0     0     0     0     0
     0     0     0     0   105     0     0     0   102     0     0     0     0     0     0     0     0     0     0     0     0     0     0     0     0     0     0     0     0     0     0     0     0     0     0     0     0     0     0     0     0     0
     0     0     0     0     0     0     0     0     0     0     0     0     0     0     0     0     0   119     0     0   106   120     0     0     0     0     0     0     0     0     0     0     0     0     0     0    86     0     0     0     0     0
     0     0     0     0     0    82     0     0     0     0     0     0     0     0     0     0     0     0     0     0     0     0     0     0     0     0     0     0     0     0     0     0     0     0     0     0   109     0     0     0     0    89
     0     0     0     0     0     0     0     0    80     0     0     0     0     0     0     0     0     0     0     0     0     0     0     0   109     0     0     0     0     0     0     0     0     0     0     0     0     0     0     0     0     0
   101     0   110     0     0     0     0     0     0    93     0     0     0     0   119     0     0     0     0     0     0     0    98     0     0     0     0     0     0     0     0     0     0     0     0     0     0     0     0    84     0     0
     0     0     0     0     0     0     0     0    86     0     0     0     0     0     0     0     0     0     0     0     0     0     0     0     0     0     0     0     0     0     0     0     0     0     0     0     0     0     0     0     0     0
     0     0     0     0     0     0     0     0     0    97     0     0     0     0     0     0     0     0     0   111     0     0     0     0     0     0     0     0     0     0     0     0     0     0   116     0     0     0     0     0     0     0
     0     0     0     0     0     0     0    83     0     0     0     0     0     0    87     0     0     0     0     0     0    91     0     0     0     0     0     0     0     0     0     0     0     0     0     0     0     0     0     0     0     0
     0     0     0     0     0     0     0     0     0     0     0     0    94     0     0     0     0     0     0     0   111     0     0     0     0     0     0     0     0     0     0     0   116     0     0     0     0     0     0     0     0    86
     0     0     0     0     0     0     0     0   111     0     0     0     0    98     0     0     0     0     0     0     0   111     0     0     0     0     0     0     0     0     0     0     0     0     0     0     0   106     0     0     0     0
     0     0     0   101     0     0     0     0    88     0     0     0     0     0     0     0     0     0     0     0     0     0     0     0     0   119     0    86   109     0     0     0     0     0     0     0     0     0   119     0     0     0
     0     0     0     0     0     0     0     0     0     0     0     0     0     0     0     0     0     0    84     0    86     0   102     0   111     0     0     0     0     0     0     0     0     0     0   106     0     0    85     0   119     0
     0     0     0     0     0     0     0     0     0     0     0     0     0     0     0     0     0     0     0     0     0     0     0     0     0     0     0     0     0     0     0     0     0     0     0     0   119    85     0   119     0     0
     0     0     0     0     0     0     0     0     0     0     0     0     0     0     0     0     0     0     0     0     0     0     0     0     0     0     0     0     0     0    84     0     0     0     0     0     0     0   119     0     0     0
     0     0     0     0     0   112     0     0     0     0     0     0     0     0     0     0     0     0     0     0     0     0     0   114     0     0     0     0     0     0     0     0     0     0     0     0     0   119     0     0     0     0
     0     0     0     0     0     0   120     0     0     0     0    83     0     0   116     0     0     0     0   119     0     0     0     0     0     0     0     0    89     0     0     0     0     0    86     0     0     0     0     0     0     0
