43
     0     0     0     0     0     0     0     0     0     0    84     0     0     0     0     0     0     0     0     0     0     0     0     0     0     0     0     0     0     0     0     0     0     0     0     0     0     0     0     0     0    92   117
     0     0     0     0     0     0     0     0     0     0     0     0     0     0     0     0     0     0     0     0     0     0    98     0     0     0     0     0     0     0     0     0     0     0     0     0     0     0     0     0     0     0     0
     0     0     0     0     0     0    87     0     0     0     0     0     0     0     0     0     0     0     0     0     0     0     0     0     0     0     0     0     0     0     0     0     0     0     0     0     0     0     0     0     0     0    98
     0     0     0     0     0   111     0     0     0     0     0     0     0     0     0     0   106     0     0     0     0     0     0     0     0     0     0     0     0     0     0     0     0    99     0     0     0     0     0     0     0     0     0
     0     0     0     0     0     0     0     0     0     0     0     0     0     0   100     0    96     0     0     0    93    91     0     0    98     0     0     0    98     0     0     0     0     0     0     0     0     0     0     0     0     0    95
     0     0     0   111     0     0     0     0     0     0    80     0     0     0     0     0     0     0     0     0     0     0     0     0     0     0     0     0     0     0     0     0     0     0     0     0    88     0     0     0     0     0     0
     0     0    87     0     0     0     0    94    93     0     0     0     0     0     0     0     0     0     0     0     0     0     0     0     0     0     0   114     0     0     0     0     0     0     0     0     0     0     0     0     0     0     0
     0     0     0     0     0     0    94     0     0     0     0     0     0     0     0     0     0     0     0     0     0     0     0     0     0     0     0     0     0     0     0     0     0     0     0     0     0     0     0     0     0   105     0
     0     0     0     0     0     0    93     0     0     0     0     0     0     0     0     0    94     0     0     0     0     0     0     0     0     0     0     0     0     0     0     0     0     0     0     0   119     0     0     0     0     0     0
     0     0     0     0     0     0     0     0     0     0     0     0     0     0     0     0     0     0     0     0    81     0     0   102     0     0     0     0     0     0     0     0     0     0     0     0     0     0     0     0     0     0     0
    84     0     0     0     0    80     0     0     0     0     0     0     0     0     0     0     0     0     0     0   102     0     0     0     0     0     0     0     0     0     0     0     0     0   116     0     0     0     0     0     0     0     0
     0     0     0     0     0     0     0     0     0     0     0     0     0     0     0     0     0     0     0     0     0     0     0     0     0     0     0   101     0     0     0     0     0     0     0    80     0     0     0     0     0     0     0
     0     0     0     0     0     0     0     0     0     0     0     0     0    95     0     0     0     0     0     0     0     0     0     0     0     0     0     0     0     0     0     0     0     0   108     0     0     0     0     0     0     0     0
     0     0     0     0     0     0     0     0     0     0     0     0    95     0     0     0     0     0     0     0     0     0     0     0     0     0     0     0     0     0     0     0     0     0     0    92     0     0     0     0     0     0     0
     0     0     0     0   100     0     0     0     0     0     0     0     0     0     0     0     0     0     0     0     0     0     0     0     0     0     0     0    93     0     0     0     0     0     0     0     0     0     0     0     0     0     0
     0     0     0     0     0     0     0     0     0     0     0     0     0     0     0     0     0     0     0     0     0     0     0     0     0     0     0     0     0     0     0    85     0     0     0     0     0     0     0     0     0     0     0
     0     0     0   106    96     0     0     0    94     0     0     0     0     0     0     0     0     0     0     0     0     0     0     0     0     0     0     0     0     0   101     0     0     0     0     0     0     0     0     0     0     0     0
     0     0     0     0     0     0     0     0     0     0     0     0     0     0     0     0     0     0     0     0     0     0     0     0     0     0     0     0     0     0     0   113     0   116     0     0     0     0     0     0     0     0    88
     0     0     0     0     0     0     0     0     0     0     0     0     0     0     0     0     0     0     0     0     0     0     0     0     0     0    91     0     0    97     0     0     0     0     0     0     0     0   106     0     0     0     0
     0     0     0     0     0     0     0     0     0     0     0     0     0     0     0     0     0     0     0     0     0     0     0     0     0     0     0   105     0   109     0     0     0     0     0     0     0     0     0     0     0     0     0
     0     0     0     0    93     0     0     0     0    81   102     0     0     0     0     0     0     0     0     0     0     0     0     0     0     0    83     0     0     0     0     0     0     0     0     0    82     0     0    83     0     0     0
     0     0     0     0    91     0     0     0     0     0     0     0     0     0     0     0     0     0     0     0     0     0     0     0     0     0     0     0     0     0     0     0     0     0    83     0     0     0     0     0     0     0     0
     0    98     0     0     0     0     0     0     0     0     0     0     0     0     0     0     0     0     0     0     0     0     0     0     0     0     0     0     0     0     0     0     0     0     0     0     0     0     0     0    92     0     0
     0     0     0     0     0     0     0     0     0   102     0     0     0     0     0     0     0     0     0     0     0     0     0     0    99     0    98     0     0     0     0     0    88     0     0     0     0     0     0     0     0     0     0
     0     0     0     0    98     0     0     0     0     0     0     0     0     0     0     0     0     0     0     0     0     0     0    99     0     0     0     0     0     0    85     0     0     0     0     0     0   113     0     0     0    88     0
     0     0     0     0     0     0     0     0     0     0     0     0     0     0     0     0     0     0     0     0     0     0     0     0     0     0     0     0     0     0     0     0     0     0     0     0     0     0     0     0    88     0     0
     0     0     0     0     0     0     0     0     0     0     0     0     0     0     0     0     0     0    91     0    83     0     0    98     0     0     0     0     0     0     0     0     0     0     0     0     0     0     0     0     0     0     0
     0     0     0     0     0     0   114     0     0     0     0   101     0     0     0     0     0     0     0   105     0     0     0     0     0     0     0     0     0     0     0     0     0     0     0     0     0     0     0     0     0     0     0
     0     0     0     0    98     0     0     0     0     0     0     0     0     0    93     0     0     0     0     0     0     0     0     0     0     0     0     0     0     0     0     0     0    96     0   110     0     0    84     0     0     0     0
     0     0     0     0     0     0     0     0     0     0     0     0     0     0     0     0     0     0    97   109     0     0     0     0     0     0     0     0     0     0     0     0   117     0     0   110     0     0     0     0     0     0     0
     0     0     0     0     0     0     0     0     0     0     0     0     0     0     0     0   101     0     0     0     0     0     0     0    85     0     0     0     0     0     0     0     0     0     0     0     0     0   101     0     0     0     0
     0     0     0     0     0     0     0     0     0     0     0     0     0     0     0    85     0   113     0     0     0     0     0     0     0     0     0     0     0     0     0     0     0     0     0     0     0     0     0     0   104     0     0
     0     0     0     0     0     0     0     0     0     0     0     0     0     0     0     0     0     0     0     0     0     0     0    88     0     0     0     0     0   117     0     0     0     0     0     0     0     0     0     0     0     0     0
     0     0     0    99     0     0     0     0     0     0     0     0     0     0     0     0     0   116     0     0     0     0     0     0     0     0     0     0    96     0     0     0     0     0     0     0     0     0     0     0     0     0     0
     0     0     0     0     0     0     0     0     0     0   116     0   108     0     0     0     0     0     0     0     0    83     0     0     0     0     0     0     0     0     0     0     0     0     0     0     0     0     0     0     0     0     0
     0     0     0     0     0     0     0     0     0     0     0    80     0    92     0     0     0     0     0     0     0     0     0     0     0     0     0     0   110   110     0     0     0     0     0     0     0     0     0     0     0     0     0
     0     0     0     0     0    88     0     0   119     0     0     0     0     0     0     0     0     0     0     0    82     0     0     0     0     0     0     0     0     0     0     0     0     0     0     0     0     0     0     0     0     0     0
     0     0     0     0     0     0     0     0     0     0     0     0     0     0     0     0     0     0     0     0     0     0     0     0   113     0     0     0     0     0     0     0     0     0     0     0     0     0     0     0     0     0     0
     0     0     0     0     0     0     0     0     0     0     0     0     0     0     0     0     0     0   106     0     0     0     0     0     0     0     0     0    84     0   101     0     0     0     0     0     0     0     0     0     0     0    81
     0     0     0     0     0     0     0     0     0     0     0     0     0     0     0     0     0     0     0     0    83     0     0     0     0     0     0     0     0     0     0     0     0     0     0     0     0     0     0     0     0     0     0
     0     0     0     0     0     0     0     0     0     0     0     0     0     0     0     0     0     0     0     0     0     0    92     0     0    88     0     0     0     0     0   104     0     0     0     0     0     0     0     0     0     0     0
    92     0     0     0     0     0     0   105     0     0     0     0     0     0     0     0     0     0     0     0     0     0     0     0    88     0     0     0     0     0     0     0     0     0     0     0     0     0     0     0     0     0     0
   117     0    98     0    95     0     0     0     0     0     0     0     0     0     0     0     0    88     0     0     0     0     0     0     0     0     0     0     0     0     0     0     0     0     0     0     0     0    81     0     0     0     0
