44
     0     0     0     0     0     0     0     0     0     0     0     0     0   104     0     0     0     0     0     0     0     0     0     0     0     0     0     0     0     0     0     0     0     0     0     0     0     0     0     0     0     0    93   117
     0     0     0     0     0     0     0    83     0     0     0    95     0     0   113     0     0   102     0     0   111     0     0     0     0     0     0     0     0     0     0     0     0     0   104     0     0     0     0     0   104     0     0    99
     0     0     0     0     0    94     0     0    89     0     0     0    93     0     0     0     0     0     0     0     0     0     0     0     0     0     0     0     0     0     0     0     0     0     0     0   117     0     0     0     0    93     0   117
     0     0     0     0     0     0     0     0     0     0     0     0     0     0     0     0     0     0     0     0     0     0   115     0     0     0     0     0     0     0     0     0     0     0     0     0     0     0     0    83     0     0     0     0
     0     0     0     0     0     0     0     0     0     0     0     0     0     0     0     0     0     0     0   102    90     0     0     0     0     0     0     0     0     0     0     0     0     0     0     0     0     0     0     0     0     0     0     0
     0     0    94     0     0     0     0     0     0     0     0     0     0     0     0     0     0     0   114     0     0     0     0     0     0     0     0     0     0     0     0     0     0     0     0     0     0     0   101     0     0     0     0     0
     0     0     0     0     0     0     0     0     0     0     0     0     0     0     0     0   109     0     0     0     0     0     0     0     0     0     0     0     0     0     0     0     0     0     0     0     0     0     0     0   111     0     0   107
     0    83     0     0     0     0     0     0     0     0     0     0     0     0     0     0     0     0     0     0     0     0     0     0     0   116     0     0     0     0    96     0     0     0    83     0    87     0     0   110     0     0     0     0
     0     0    89     0     0     0     0     0     0     0   107     0     0   100     0     0     0     0   106     0     0     0   111     0     0   116     0   100     0     0     0     0     0     0     0     0     0     0     0    94     0     0     0   108
     0     0     0     0     0     0     0     0     0     0     0     0     0     0     0     0     0     0     0    83     0     0     0     0     0     0     0     0     0     0     0     0   120     0     0     0     0    88     0     0     0     0     0     0
     0     0     0     0     0     0     0     0   107     0     0     0     0     0     0     0     0     0     0     0     0     0     0     0     0     0     0     0     0     0     0     0     0     0     0     0     0    99     0     0     0     0     0     0
     0    95     0     0     0     0     0     0     0     0     0     0     0     0     0     0     0     0     0     0     0     0     0     0     0     0     0     0     0     0     0     0     0     0    90     0     0   104     0     0     0     0     0     0
     0     0    93     0     0     0     0     0     0     0     0     0     0     0     0     0     0     0    97     0     0     0     0     0     0     0   104     0     0     0     0     0     0     0     0     0     0     0     0     0     0     0   102     0
   104     0     0     0     0     0     0     0   100     0     0     0     0     0     0     0    91     0     0     0     0     0     0     0     0     0     0     0     0     0     0     0     0     0     0     0     0   107     0     0     0     0    84     0
     0   113     0     0     0     0     0     0     0     0     0     0     0     0     0     0     0     0     0     0     0     0   104     0     0     0     0     0     0     0     0     0     0     0   103     0     0     0     0     0     0   105     0     0
     0     0     0     0     0     0     0     0     0     0     0     0     0     0     0     0     0     0     0     0     0     0    94     0     0     0     0     0    95     0     0     0    93     0     0    90     0     0     0     0     0     0     0     0
     0     0     0     0     0     0   109     0     0     0     0     0     0    91     0     0     0     0     0     0     0     0   114     0     0     0     0    96     0    97     0     0     0     0     0     0     0     0     0     0     0     0     0   103
     0   102     0     0     0     0     0     0     0     0     0     0     0     0     0     0     0     0     0    85     0     0     0     0     0     0     0     0     0     0     0   119     0     0     0     0    90     0   118     0     0     0     0     0
     0     0     0     0     0   114     0     0   106     0     0     0    97     0     0     0     0     0     0     0     0     0     0     0     0     0   116   111     0     0     0     0    93   103     0     0     0     0     0     0     0     0     0   116
     0     0     0     0   102     0     0     0     0    83     0     0     0     0     0     0     0    85     0     0     0     0     0     0     0     0     0     0     0     0     0    93     0     0     0     0     0     0     0     0   114     0     0    97
     0   111     0     0    90     0     0     0     0     0     0     0     0     0     0     0     0     0     0     0     0     0     0     0     0     0     0     0   103     0     0     0     0     0     0     0     0     0     0     0     0     0     0     0
     0     0     0     0     0     0     0     0     0     0     0     0     0     0     0     0     0     0     0     0     0     0     0     0     0     0    97     0     0   114     0     0     0     0     0    88     0     0     0     0     0     0     0     0
     0     0     0   115     0     0     0     0   111     0     0     0     0     0   104    94   114     0     0     0     0     0     0     0     0     0     0     0     0    80     0     0     0     0     0     0     0     0     0    87     0   118     0     0
     0     0     0     0     0     0     0     0     0     0     0     0     0     0     0     0     0     0     0     0     0     0     0     0     0     0     0     0    86     0     0     0     0     0     0     0   111     0     0     0     0     0     0     0
     0     0     0     0     0     0     0     0     0     0     0     0     0     0     0     0     0     0     0     0     0     0     0     0     0     0   100     0     0     0     0     0   112     0     0     0     0     0     0     0     0     0     0     0
     0     0     0     0     0     0     0   116   116     0     0     0     0     0     0     0     0     0     0     0     0     0     0     0     0     0     0     0     0     0     0     0     0    84     0     0     0     0     0     0     0     0     0     0
     0     0     0     0     0     0     0     0     0     0     0     0   104     0     0     0     0     0   116     0     0    97     0     0   100     0     0     0     0     0     0     0     0   115    84    96     0     0     0     0     0     0     0     0
     0     0     0     0     0     0     0     0   100     0     0     0     0     0     0     0    96     0   111     0     0     0     0     0     0     0     0     0     0     0     0     0     0     0     0     0     0     0     0     0     0     0     0   108
     0     0     0     0     0     0     0     0     0     0     0     0     0     0     0    95     0     0     0     0   103     0     0    86     0     0     0     0     0     0     0     0     0     0     0     0     0     0     0     0     0     0     0     0
     0     0     0     0     0     0     0     0     0     0     0     0     0     0     0     0    97     0     0     0     0   114    80     0     0     0     0     0     0     0     0     0     0     0     0     0   103   113     0     0     0     0     0     0
     0     0     0     0     0     0     0    96     0     0     0     0     0     0     0     0     0     0     0     0     0     0     0     0     0     0     0     0     0     0     0     0     0     0     0     0     0     0    92     0   110     0   112     0
     0     0     0     0     0     0     0     0     0     0     0     0     0     0     0     0     0   119     0    93     0     0     0     0     0     0     0     0     0     0     0     0     0     0     0     0     0     0     0     0     0   103   107     0
     0     0     0     0     0     0     0     0     0   120     0     0     0     0     0    93     0     0    93     0     0     0     0     0   112     0     0     0     0     0     0     0     0     0     0     0     0     0     0     0     0   107     0     0
     0     0     0     0     0     0     0     0     0     0     0     0     0     0     0     0     0     0   103     0     0     0     0     0     0    84   115     0     0     0     0     0     0     0     0     0     0     0    95     0     0     0     0     0
     0   104     0     0     0     0     0    83     0     0     0    90     0     0   103     0     0     0     0     0     0     0     0     0     0     0    84     0     0     0     0     0     0     0     0     0     0     0     0     0     0     0     0   120
     0     0     0     0     0     0     0     0     0     0     0     0     0     0     0    90     0     0     0     0     0    88     0     0     0     0    96     0     0     0     0     0     0     0     0     0    92     0    92     0    92    85     0   109
     0     0   117     0     0     0     0    87     0     0     0     0     0     0     0     0     0    90     0     0     0     0     0   111     0     0     0     0     0   103     0     0     0     0     0    92     0     0   118     0     0     0     0     0
     0     0     0     0     0     0     0     0     0    88    99   104     0   107     0     0     0     0     0     0     0     0     0     0     0     0     0     0     0   113     0     0     0     0     0     0     0     0   104     0     0   105     0     0
     0     0     0     0     0   101     0     0     0     0     0     0     0     0     0     0     0   118     0     0     0     0     0     0     0     0     0     0     0     0    92     0     0    95     0    92   118   104     0    87     0     0     0     0
     0     0     0    83     0     0     0   110    94     0     0     0     0     0     0     0     0     0     0     0     0     0    87     0     0     0     0     0     0     0     0     0     0     0     0     0     0     0    87     0     0     0     0     0
     0   104     0     0     0     0   111     0     0     0     0     0     0     0     0     0     0     0     0   114     0     0     0     0     0     0     0     0     0     0   110     0     0     0     0    92     0     0     0     0     0   106     0     0
     0     0    93     0     0     0     0     0     0     0     0     0     0     0   105     0     0     0     0     0     0     0   118     0     0     0     0     0     0     0     0   103   107     0     0    85     0   105     0     0   106     0     0     0
    93     0     0     0     0     0     0     0     0     0     0     0   102    84     0     0     0     0     0     0     0     0     0     0     0     0     0     0     0     0   112   107     0     0     0     0     0     0     0     0     0     0     0     0
   117    99   117     0     0     0   107     0   108     0     0     0     0     0     0     0   103     0   116    97     0     0     0     0     0     0     0   108     0     0     0     0     0     0   120   109     0     0     0     0     0     0     0     0
