45
     0     0    94     0     0     0     0     0     0     0     0     0     0     0     0     0   117     0     0     0     0     0     0     0     0     0     0     0    91     0     0     0     0     0     0     0     0     0     0     0     0     0     0     0     0
     0     0     0     0     0     0     0     0     0     0     0   107     0     0     0     0     0     0     0     0     0    97     0     0     0     0   102     0     0     0     0     0     0     0     0     0     0     0     0     0     0   100     0     0     0
    94     0     0     0   115     0     0     0     0     0     0     0     0     0     0     0     0     0    87     0     0     0    83     0     0     0     0     0     0     0     0     0     0     0     0     0     0     0   114     0     0   108     0     0     0
     0     0     0     0     0     0     0     0     0     0     0     0     0     0     0     0     0     0     0     0     0     0     0     0     0   112     0     0     0     0     0     0     0     0     0     0     0     0     0     0     0     0     0     0     0
     0     0   115     0     0     0     0   102     0     0     0     0     0     0     0     0     0     0     0     0     0     0     0     0   104     0     0     0     0     0     0     0     0     0     0     0     0     0     0     0     0     0     0     0     0
     0     0     0     0     0     0     0     0     0     0     0     0     0     0     0     0     0     0     0     0     0     0     0     0     0     0     0     0     0     0     0     0     0     0     0     0    89     0     0    91     0     0     0     0     0
     0     0     0     0     0     0     0     0     0    84     0     0     0     0     0     0     0     0     0     0     0     0    94     0    94     0     0   103     0     0     0     0     0     0     0     0     0     0     0     0     0     0     0     0     0
     0     0     0     0   102     0     0     0     0     0     0    83     0     0     0     0     0     0     0   111     0     0     0     0     0     0     0     0     0     0     0     0     0     0     0     0   104   104    83     0     0     0    96   116     0
     0     0     0     0     0     0     0     0     0     0     0     0     0     0     0     0     0     0   117     0     0     0   118     0   118    90     0     0     0     0     0     0     0     0   117     0     0     0     0     0     0     0     0     0     0
     0     0     0     0     0     0    84     0     0     0     0     0     0     0     0     0     0     0     0     0     0     0     0     0    90     0     0     0     0     0     0     0     0     0   120     0     0     0     0     0     0     0     0     0     0
     0     0     0     0     0     0     0     0     0     0     0     0     0     0     0     0     0     0     0     0     0     0     0     0     0     0     0     0    95     0     0     0     0     0     0   114     0     0     0     0     0     0     0     0     0
     0   107     0     0     0     0     0    83     0     0     0     0     0     0     0     0   101     0     0     0     0     0     0     0     0     0     0     0    92    81     0     0     0     0     0     0     0     0     0     0     0     0     0   104     0
     0     0     0     0     0     0     0     0     0     0     0     0     0     0    85     0     0     0     0     0     0   111     0     0     0     0     0     0     0     0     0     0     0     0     0    95     0     0     0     0     0     0     0     0     0
     0     0     0     0     0     0     0     0     0     0     0     0     0     0     0   108     0     0     0     0     0     0     0     0     0     0     0     0     0     0     0     0    94     0     0   106     0     0     0     0     0     0     0     0     0
     0     0     0     0     0     0     0     0     0     0     0     0    85     0     0     0     0     0     0     0     0     0     0     0     0     0     0     0     0     0     0     0     0     0     0     0     0     0     0     0     0     0     0     0     0
     0     0     0     0     0     0     0     0     0     0     0     0     0   108     0     0     0     0     0     0     0     0     0    80     0     0     0    98    80     0     0     0     0     0     0     0     0     0     0     0     0     0     0    96     0
   117     0     0     0     0     0     0     0     0     0     0   101     0     0     0     0     0     0     0     0     0     0     0     0     0     0     0     0     0     0     0     0     0     0     0     0     0     0     0     0     0    82     0     0     0
     0     0     0     0     0     0     0     0     0     0     0     0     0     0     0     0     0     0     0     0     0     0     0     0     0     0     0     0     0     0     0     0     0     0     0     0    85     0    86     0     0   107     0     0     0
     0     0    87     0     0     0     0     0   117     0     0     0     0     0     0     0     0     0     0     0     0     0     0     0     0     0     0     0     0     0     0   109     0     0     0     0     0     0     0     0     0    89     0    84     0
     0     0     0     0     0     0     0   111     0     0     0     0     0     0     0     0     0     0     0     0     0     0     0     0     0     0     0     0     0     0     0     0     0     0     0     0     0     0     0     0     0   106     0     0     0
     0     0     0     0     0     0     0     0     0     0     0     0     0     0     0     0     0     0     0     0     0     0     0     0     0     0    87    82     0     0     0   104     0     0     0     0     0     0     0     0     0     0     0     0     0
     0    97     0     0     0     0     0     0     0     0     0     0   111     0     0     0     0     0     0     0     0     0     0     0     0    98    80     0     0     0     0     0     0     0     0     0     0   116     0     0     0     0     0     0     0
     0     0    83     0     0     0    94     0   118     0     0     0     0     0     0     0     0     0     0     0     0     0     0     0     0     0     0     0     0     0     0     0     0     0     0     0     0     0     0     0     0     0     0     0     0
     0     0     0     0     0     0     0     0     0     0     0     0     0     0     0    80     0     0     0     0     0     0     0     0     0     0     0     0     0     0    99     0     0     0    95     0     0     0     0     0   110     0     0   120     0
     0     0     0     0   104     0    94     0   118    90     0     0     0     0     0     0     0     0     0     0     0     0     0     0     0     0     0     0     0     0     0     0     0     0   107     0     0     0     0     0     0     0   111   106     0
     0     0     0   112     0     0     0     0    90     0     0     0     0     0     0     0     0     0     0     0     0    98     0     0     0     0     0     0     0     0     0     0     0     0     0     0     0     0   115     0     0     0   101    82     0
     0   102     0     0     0     0     0     0     0     0     0     0     0     0     0     0     0     0     0     0    87    80     0     0     0     0     0     0     0     0     0     0     0     0     0     0     0     0     0     0   104     0     0     0     0
     0     0     0     0     0     0   103     0     0     0     0     0     0     0     0    98     0     0     0     0    82     0     0     0     0     0     0     0     0     0     0     0     0     0     0   117     0     0     0     0     0   109     0   104     0
    91     0     0     0     0     0     0     0     0     0    95    92     0     0     0    80     0     0     0     0     0     0     0     0     0     0     0     0     0     0     0     0     0     0    96     0   111     0   120     0     0     0     0     0     0
     0     0     0     0     0     0     0     0     0     0     0    81     0     0     0     0     0     0     0     0     0     0     0     0     0     0     0     0     0     0     0    99     0     0     0     0     0     0     0     0     0     0     0     0     0
     0     0     0     0     0     0     0     0     0     0     0     0     0     0     0     0     0     0     0     0     0     0     0    99     0     0     0     0     0     0     0     0     0   116     0     0     0     0     0     0     0     0     0     0     0
     0     0     0     0     0     0     0     0     0     0     0     0     0     0     0     0     0     0   109     0   104     0     0     0     0     0     0     0     0    99     0     0     0     0     0     0     0     0     0     0    85     0     0     0     0
     0     0     0     0     0     0     0     0     0     0     0     0     0    94     0     0     0     0     0     0     0     0     0     0     0     0     0     0     0     0     0     0     0     0     0     0     0     0     0     0     0     0     0     0     0
     0     0     0     0     0     0     0     0     0     0     0     0     0     0     0     0     0     0     0     0     0     0     0     0     0     0     0     0     0     0   116     0     0     0     0     0     0     0     0     0     0     0     0     0     0
     0     0     0     0     0     0     0     0   117   120     0     0     0     0     0     0     0     0     0     0     0     0     0    95   107     0     0     0    96     0     0     0     0     0     0    85     0     0     0     0     0     0     0     0   106
     0     0     0     0     0     0     0     0     0     0   114     0    95   106     0     0     0     0     0     0     0     0     0     0     0     0     0   117     0     0     0     0     0     0    85     0     0     0     0     0     0     0    97     0     0
     0     0     0     0     0    89     0   104     0     0     0     0     0     0     0     0     0    85     0     0     0     0     0     0     0     0     0     0   111     0     0     0     0     0     0     0     0     0     0     0     0     0     0     0     0
     0     0     0     0     0     0     0   104     0     0     0     0     0     0     0     0     0     0     0     0     0   116     0     0     0     0     0     0     0     0     0     0     0     0     0     0     0     0     0     0     0     0     0    89     0
     0     0   114     0     0     0     0    83     0     0     0     0     0     0     0     0     0    86     0     0     0     0     0     0     0   115     0     0   120     0     0     0     0     0     0     0     0     0     0     0     0     0     0     0     0
     0     0     0     0     0    91     0     0     0     0     0     0     0     0     0     0     0     0     0     0     0     0     0     0     0     0     0     0     0     0     0     0     0     0     0     0     0     0     0     0     0     0     0     0     0
     0     0     0     0     0     0     0     0     0     0     0     0     0     0     0     0     0     0     0     0     0     0     0   110     0     0   104     0     0     0     0    85     0     0     0     0     0     0     0     0     0     0     0    91     0
     0   100   108     0     0     0     0     0     0     0     0     0     0     0     0     0    82   107    89   106     0     0     0     0     0     0     0   109     0     0     0     0     0     0     0     0     0     0     0     0     0     0     0     0     0
     0     0     0     0     0     0     0    96     0     0     0     0     0     0     0     0     0     0     0     0     0     0     0     0   111   101     0     0     0     0     0     0     0     0     0    97     0     0     0     0     0     0     0     0     0
     0     0     0     0     0     0     0   116     0     0     0   104     0     0     0    96     0     0    84     0     0     0     0   120   106    82     0   104     0     0     0     0     0     0     0     0     0    89     0     0    91     0     0     0     0
     0     0     0     0     0     0     0     0     0     0     0     0     0     0     0     0     0     0     0     0     0     0     0     0     0     0     0     0     0     0     0     0     0     0   106     0     0     0     0     0     0     0     0     0     0
